1	10175	10272	0
2	10088	10628	0
3	10518	10169	0
4	10310	10020	0
5	10757	10704	0
6	10573	10041	0
7	10510	10628	0
8	10203	10735	0
9	10395	10521	0
10	10398	10665	0
11	10459	10317	0
12	10786	10640	0
13	10374	10211	0
14	10796	10472	0
15	10405	10308	0
16	10424	10594	0
17	10534	10441	0
18	10406	10178	0
19	10122	10750	0
20	10208	10358	0
21	10519	10062	0
22	10524	10141	0
23	10664	10459	0
24	10278	10493	0
25	10177	10774	0
26	10411	10480	0
27	10730	10730	0
28	10087	10574	0
29	10493	10303	0
30	10044	10119	0
31	10364	10469	0
32	10216	10664	0
33	10427	10645	0
34	10578	10374	0
35	10602	10696	0
36	10110	10141	0
37	10023	10515	0
38	10049	10516	0
39	10366	10207	0
40	10196	10713	0
41	10818	10409	0
42	10794	10614	0
43	10093	10369	0
44	10340	10599	0
45	10028	10631	0
46	10568	10638	0
47	10536	10366	0
48	10273	10731	0
49	10009	10654	0
50	10761	10095	0
51	10750	10302	0
52	10422	10464	0
53	10392	10655	0
54	10032	10816	0
55	10225	10182	0
56	10052	10370	0
57	10228	10671	0
58	10536	10455	0
59	10215	10166	0
60	10510	10657	0
61	10335	10265	0
62	10706	10043	0
63	10070	10082	0
64	10164	10463	0
65	10803	10710	0
66	10279	10037	0
67	10430	10153	0
68	10648	10110	0
69	10010	10750	0
70	10609	10313	0
71	10103	10549	0
72	10271	10630	0
73	10064	10652	0
74	10136	10766	0
75	10609	10458	0
76	10235	10475	0
77	10293	10056	0
78	10211	10787	0
79	10397	10050	0
80	10319	10193	0
81	10059	10190	0
82	10668	10465	0
83	10353	10093	0
84	10048	10306	0
85	10396	10478	0
86	10788	10001	0
87	10458	10589	0
88	10704	10606	0
89	10818	10715	0
90	10387	10109	0
91	10785	10190	0
92	10066	10471	0
93	10814	10225	0
94	10631	10171	0
95	10084	10211	0
96	10659	10654	0
97	10156	10325	0
98	10063	10808	0
99	10723	10695	0
100	10582	10505	0
101	10064	10084	0
102	10587	10359	0
103	10172	10449	0
104	10041	10080	0
105	10618	10310	0
106	10695	10144	0
107	10368	10135	0
108	10271	10357	0
109	10412	10240	0
110	10507	10611	0
111	10380	10789	0
112	10750	10129	0
113	10628	10502	0
114	10255	10288	0
115	10751	10614	0
116	10674	10030	0
117	10090	10106	0
118	10197	10681	0
119	10229	10215	0
120	10310	10445	0
121	10649	10448	0
122	10304	10026	0
123	10289	10606	0
124	10709	10065	0
125	10569	10043	0
126	10575	10213	0
127	10271	10300	0
128	10623	10105	0
129	10211	10400	0
130	10541	10251	0
131	10105	10276	0
132	10034	10411	0
133	10112	10083	0
134	10715	10591	0
135	10050	10581	0
136	10023	10523	0
137	10210	10472	0
138	10136	10011	0
139	10647	10043	0
140	10706	10727	0
141	10046	10259	0
142	10221	10642	0
143	10061	10397	0
144	10380	10003	0
145	10415	10097	0
146	10762	10266	0
147	10197	10483	0
148	10598	10444	0
149	10566	10529	0
150	10709	10645	0
151	10104	10575	0
152	10761	10170	0
153	10344	10709	0
154	10643	10672	0
155	10173	10070	0
156	10431	10124	0
157	10740	10639	0
158	10221	10520	0
159	10186	10524	0
160	10683	10012	0
161	10642	10569	0
162	10532	10268	0
163	10781	10085	0
164	10230	10021	0
165	10003	10695	0
166	10242	10815	0
167	10530	10570	0
168	10289	10486	0
169	10397	10782	0
170	10091	10523	0
171	10275	10315	0
172	10084	10160	0
173	10187	10052	0
174	10143	10063	0
175	10630	10684	0
176	10729	10199	0
177	10078	10347	0
178	10754	10021	0
179	10675	10365	0
180	10038	10380	0
181	10200	10336	0
182	10558	10387	0
183	10128	10768	0
184	10503	10574	0
185	10777	10756	0
186	10122	10787	0
187	10789	10011	0
188	10536	10328	0
189	10096	10499	0
190	10003	10678	0
191	10213	10237	0
192	10076	10724	0
193	10625	10781	0
194	10168	10704	0
195	10586	10284	0
196	10673	10323	0
197	10780	10120	0
198	10723	10552	0
199	10554	10381	0
200	10043	10023	0
201	10305	10041	0
202	10707	10637	0
203	10326	10388	0
204	10604	10585	0
205	10201	10058	0
206	10331	10804	0
207	10082	10404	0
208	10591	10582	0
209	10770	10467	0
210	10746	10055	0
211	10578	10320	0
212	10731	10440	0
213	10146	10722	0
214	10231	10163	0
215	10062	10582	0
216	10799	10433	0
217	10475	10097	0
218	10216	10247	0
219	10513	10293	0
220	10504	10524	0
221	10002	10307	0
222	10303	10790	0
223	10752	10061	0
224	10183	10375	0
225	10095	10084	0
226	10763	10201	0
227	10599	10462	0
228	10382	10038	0
229	10412	10537	0
230	10591	10218	0
231	10673	10601	0
232	10676	10290	0
233	10250	10147	0
234	10789	10758	0
235	10730	10071	0
236	10093	10428	0
237	10615	10015	0
238	10401	10083	0
239	10704	10023	0
240	10374	10164	0
241	10638	10670	0
242	10086	10442	0
243	10060	10593	0
244	10482	10565	0
245	10811	10486	0
246	10229	10498	0
247	10501	10485	0
248	10015	10489	0
249	10369	10242	0
250	10442	10655	0
251	10405	10149	0
252	10537	10421	0
253	10403	10369	0
254	10789	10224	0
255	10687	10178	0
256	10052	10185	0
257	10669	10009	0
258	10393	10624	0
259	10657	10536	0
260	10809	10350	0
261	10410	10625	0
262	10168	10221	0
263	10523	10522	0
264	10652	10245	0
265	10490	10793	0
266	10054	10271	0
267	10324	10084	0
268	10266	10493	0
269	10805	10250	0
270	10570	10062	0
271	10004	10106	0
272	10416	10685	0
273	10777	10426	0
274	10175	10402	0
275	10189	10291	0
276	10216	10495	0
277	10654	10082	0
278	10768	10281	0
279	10074	10272	0
280	10634	10754	0
281	10472	10222	0
282	10598	10229	0
283	10697	10511	0
284	10751	10592	0
285	10554	10375	0
286	10682	10473	0
287	10101	10295	0
288	10644	10711	0
289	10326	10452	0
290	10223	10226	0
291	10403	10159	0
292	10533	10578	0
293	10488	10028	0
294	10724	10167	0
295	10423	10789	0
296	10334	10735	0
297	10811	10128	0
298	10472	10583	0
299	10667	10221	0
300	10340	10578	0
301	10011	10082	0
302	10663	10181	0
303	10036	10682	0
304	10031	10312	0
305	10713	10144	0
306	10057	10389	0
307	10527	10023	0
308	10588	10775	0
309	10002	10195	0
310	10011	10513	0
311	10272	10089	0
312	10593	10803	0
313	10601	10342	0
314	10783	10561	0
315	10338	10450	0
316	10383	10141	0
317	10812	10720	0
318	10224	10089	0
319	10377	10376	0
320	10198	10128	0
321	10673	10214	0
322	10444	10686	0
323	10127	10289	0
324	10324	10326	0
325	10278	10493	0
326	10643	10286	0
327	10778	10076	0
328	10494	10722	0
329	10388	10687	0
330	10801	10417	0
331	10521	10512	0
332	10159	10422	0
333	10258	10782	0
334	10195	10649	0
335	10711	10645	0
336	10358	10531	0
337	10425	10132	0
338	10054	10058	0
339	10468	10169	0
340	10576	10643	0
341	10292	10391	0
342	10589	10583	0
343	10177	10072	0
344	10052	10809	0
345	10143	10253	0
346	10461	10425	0
347	10626	10375	0
348	10609	10317	0
349	10023	10750	0
350	10355	10102	0
351	10395	10032	0
352	10072	10305	0
353	10415	10423	0
354	10395	10441	0
355	10686	10024	0
356	10159	10027	0
357	10701	10103	0
358	10177	10616	0
359	10603	10279	0
360	10581	10812	0
361	10342	10385	0
362	10575	10186	0
363	10183	10444	0
364	10680	10448	0
365	10725	10544	0
366	10080	10216	0
367	10244	10095	0
368	10155	10780	0
369	10796	10813	0
370	10155	10411	0
371	10111	10761	0
372	10051	10690	0
373	10207	10648	0
374	10354	10745	0
375	10186	10201	0
376	10140	10555	0
377	10247	10003	0
378	10816	10703	0
379	10133	10645	0
380	10391	10659	0
381	10276	10748	0
382	10604	10186	0
383	10249	10224	0
384	10589	10562	0
385	10299	10276	0
386	10016	10523	0
387	10707	10100	0
388	10245	10477	0
389	10029	10531	0
390	10732	10252	0
391	10213	10348	0
392	10308	10044	0
393	10232	10191	0
394	10313	10356	0
395	10053	10265	0
396	10553	10409	0
397	10209	10206	0
398	10578	10402	0
399	10048	10262	0
400	10150	10598	0
401	10455	10442	0
402	10391	10231	0
403	10628	10700	0
404	10538	10213	0
405	10087	10267	0
406	10578	10741	0
407	10466	10473	0
408	10134	10399	0
409	10625	10784	0
410	10169	10283	0
411	10511	10184	0
412	10178	10040	0
413	10323	10670	0
414	10362	10196	0
415	10095	10315	0
416	10370	10573	0
417	10116	10734	0
418	10745	10151	0
419	10330	10470	0
420	10180	10367	0
421	10207	10423	0
422	10108	10725	0
423	10485	10553	0
424	10016	10180	0
425	10815	10776	0
426	10718	10437	0
427	10795	10043	0
428	10589	10204	0
429	10045	10713	0
430	10278	10811	0
431	10565	10079	0
432	10205	10002	0
433	10112	10782	0
434	10706	10433	0
435	10136	10193	0
436	10060	10120	0
437	10321	10564	0
438	10429	10795	0
439	10642	10124	0
440	10517	10592	0
441	10232	10274	0
442	10188	10103	0
443	10577	10783	0
444	10371	10078	0
445	10279	10288	0
446	10310	10119	0
447	10763	10791	0
448	10630	10343	0
449	10275	10329	0
450	10812	10132	0
451	10679	10496	0
452	10716	10164	0
453	10383	10591	0
454	10782	10052	0
455	10562	10643	0
456	10729	10405	0
457	10149	10058	0
458	10542	10123	0
459	10266	10340	0
460	10602	10614	0
461	10053	10188	0
462	10741	10786	0
463	10657	10570	0
464	10391	10367	0
465	10194	10164	0
466	10351	10110	0
467	10571	10146	0
468	10601	10196	0
469	10744	10177	0
470	10268	10276	0
471	10284	10307	0
472	10188	10611	0
473	10459	10081	0
474	10225	10065	0
475	10115	10051	0
476	10122	10157	0
477	10610	10146	0
478	10104	10105	0
479	10268	10029	0
480	10017	10744	0
481	10723	10068	0
482	10045	10390	0
483	10717	10484	0
484	10649	10121	0
485	10048	10498	0
486	10303	10156	0
487	10639	10351	0
488	10195	10444	0
489	10223	10013	0
490	10328	10499	0
491	10206	10398	0
492	10711	10580	0
493	10726	10390	0
494	10381	10755	0
495	10677	10194	0
496	10161	10736	0
497	10259	10633	0
498	10674	10127	0
499	10775	10027	0
500	10624	10611	0
501	10768	10130	0
502	10483	10817	0
503	10088	10008	0
504	10132	10062	0
505	10394	10340	0
506	10459	10648	0
507	10404	10071	0
508	10232	10577	0
509	10199	10157	0
510	10484	10703	0
511	10568	10037	0
512	10120	10513	0
513	10567	10145	0
514	10804	10080	0
515	10501	10398	0
516	10351	10661	0
517	10220	10282	0
518	10633	10306	0
519	10566	10465	0
520	10221	10534	0
521	10622	10750	0
522	10800	10742	0
523	10711	10090	0
524	10620	10073	0
525	10749	10633	0
526	10209	10055	0
527	10578	10507	0
528	10006	10517	0
529	10217	10228	0
530	10454	10023	0
531	10030	10755	0
532	10773	10273	0
533	10140	10379	0
534	10720	10291	0
535	10406	10632	0
536	10775	10220	0
537	10323	10324	0
538	10649	10319	0
539	10496	10810	0
540	10389	10371	0
541	10361	10816	0
542	10371	10632	0
543	10803	10416	0
544	10334	10278	0
545	10671	10461	0
546	10205	10789	0
547	10694	10520	0
548	10275	10095	0
549	10546	10551	0
550	10247	10663	0
551	10149	10420	0
552	10744	10544	0
553	10803	10035	0
554	10743	10028	0
555	10314	10087	0
556	10125	10800	0
557	10694	10681	0
558	10763	10770	0
559	10009	10428	0
560	10117	10810	0
561	10022	10012	0
562	10349	10240	0
563	10015	10252	0
564	10325	10180	0
565	10613	10627	0
566	10227	10637	0
567	10688	10649	0
568	10206	10627	0
569	10804	10390	0
570	10796	10370	0
571	10425	10230	0
572	10182	10290	0
573	10456	10407	0
574	10461	10138	0
575	10598	10354	0
576	10287	10484	0
577	10342	10144	0
578	10702	10814	0
579	10501	10297	0
580	10804	10766	0
581	10469	10397	0
582	10002	10090	0
583	10590	10504	0
584	10010	10377	0
585	10178	10256	0
586	10568	10544	0
587	10632	10562	0
588	10071	10733	0
589	10184	10120	0
590	10116	10534	0
591	10140	10813	0
592	10797	10010	0
593	10659	10569	0
594	10265	10618	0
595	10216	10007	0
596	10818	10182	0
597	10583	10166	0
598	10687	10058	0
599	10747	10492	0
600	10676	10664	0
601	10138	10706	0
602	10056	10076	0
603	10782	10430	0
604	10257	10608	0
605	10400	10204	0
606	10307	10498	0
607	10593	10644	0
608	10418	10574	0
609	10560	10488	0
610	10470	10256	0
611	10197	10791	0
612	10776	10179	0
613	10170	10548	0
614	10160	10637	0
615	10455	10189	0
616	10340	10213	0
617	10358	10480	0
618	10405	10326	0
619	10747	10448	0
620	10365	10247	0
621	10381	10440	0
622	10658	10555	0
623	10426	10202	0
624	10818	10749	0
625	10721	10778	0
626	10629	10167	0
627	10328	10554	0
628	10693	10776	0
629	10662	10483	0
630	10020	10318	0
631	10324	10433	0
632	10534	10349	0
633	10061	10490	0
634	10632	10407	0
635	10275	10249	0
636	10573	10579	0
637	10441	10471	0
638	10588	10691	0
639	10579	10363	0
640	10114	10694	0
641	10166	10132	0
642	10745	10730	0
643	10191	10692	0
644	10677	10043	0
645	10034	10494	0
646	10096	10472	0
647	10793	10064	0
648	10557	10327	0
649	10285	10752	0
650	10784	10782	0
651	10594	10149	0
652	10207	10217	0
653	10201	10115	0
654	10342	10664	0
655	10661	10811	0
656	10281	10158	0
657	10318	10749	0
658	10439	10624	0
659	10367	10492	0
660	10593	10818	0
661	10353	10041	0
662	10100	10615	0
663	10781	10260	0
664	10460	10162	0
665	10540	10028	0
666	10067	10314	0
667	10210	10518	0
668	10287	10214	0
669	10266	10018	0
670	10076	10180	0
671	10643	10325	0
672	10129	10541	0
673	10572	10164	0
674	10394	10487	0
675	10091	10373	0
676	10440	10362	0
677	10596	10371	0
678	10513	10583	0
679	10174	10362	0
680	10210	10515	0
681	10684	10540	0
682	10448	10206	0
683	10115	10793	0
684	10232	10162	0
685	10673	10018	0
686	10149	10307	0
687	10391	10752	0
688	10672	10454	0
689	10479	10071	0
690	10204	10136	0
691	10167	10291	0
692	10744	10072	0
693	10171	10250	0
694	10296	10640	0
695	10171	10496	0
696	10222	10175	0
697	10793	10403	0
698	10298	10209	0
699	10248	10583	0
700	10729	10379	0
701	10428	10194	0
702	10454	10224	0
703	10621	10571	0
704	10203	10625	0
705	10697	10622	0
706	10104	10099	0
707	10369	10738	0
708	10708	10285	0
709	10375	10377	0
710	10086	10734	0
711	10558	10029	0
712	10023	10114	0
713	10119	10703	0
714	10454	10744	0
715	10504	10781	0
716	10741	10090	0
717	10016	10035	0
718	10797	10035	0
719	10216	10400	0
720	10287	10698	0
721	10568	10442	0
722	10345	10375	0
723	10273	10293	0
724	10300	10051	0
725	10025	10059	0
726	10591	10605	0
727	10292	10372	0
728	10721	10292	0
729	10708	10402	0
730	10473	10643	0
731	10460	10782	0
732	10671	10519	0
733	10287	10444	0
734	10204	10817	0
735	10737	10524	0
736	10519	10583	0
737	10579	10586	0
738	10444	10342	0
739	10200	10726	0
740	10739	10103	0
741	10288	10293	0
742	10366	10247	0
743	10640	10199	0
744	10467	10163	0
745	10495	10662	0
746	10113	10370	0
747	10496	10247	0
748	10093	10760	0
749	10377	10458	0
750	10502	10128	0
751	10816	10323	0
752	10768	10006	0
753	10715	10461	0
754	10436	10722	0
755	10471	10523	0
756	10702	10010	0
757	10810	10771	0
758	10006	10674	0
759	10675	10365	0
760	10516	10570	0
761	10517	10351	0
762	10674	10545	0
763	10331	10012	0
764	10192	10288	0
765	10489	10026	0
766	10244	10779	0
767	10197	10083	0
768	10441	10350	0
769	10262	10743	0
770	10278	10035	0
771	10319	10697	0
772	10223	10394	0
773	10526	10289	0
774	10793	10492	0
775	10768	10649	0
776	10084	10658	0
777	10622	10212	0
778	10423	10259	0
779	10705	10749	0
780	10435	10003	0
781	10179	10688	0
782	10010	10107	0
783	10627	10144	0
784	10118	10085	0
785	10476	10179	0
786	10367	10096	0
787	10068	10159	0
788	10774	10200	0
789	10340	10687	0
790	10710	10593	0
791	10254	10423	0
792	10716	10097	0
793	10337	10704	0
794	10507	10313	0
795	10375	10783	0
796	10613	10137	0
797	10199	10442	0
798	10031	10637	0
799	10583	10007	0
800	10692	10758	0
801	10450	10336	0
802	10717	10077	0
803	10033	10110	0
804	10250	10367	0
805	10306	10215	0
806	10588	10127	0
807	10249	10280	0
808	10657	10587	0
809	10224	10197	0
810	10488	10192	0
811	10010	10216	0
812	10229	10426	0
813	10143	10331	0
814	10564	10120	0
815	10664	10180	0
816	10331	10547	0
817	10650	10078	0
818	10495	10660	0
819	10636	10039	0
820	10430	10718	0
821	10418	10715	0
822	10429	10396	0
823	10423	10805	0
824	10331	10337	0
825	10756	10116	0
826	10054	10549	0
827	10031	10679	0
828	10765	10108	0
829	10053	10313	0
830	10030	10486	0
831	10111	10477	0
832	10267	10140	0
833	10284	10075	0
834	10687	10407	0
835	10652	10298	0
836	10458	10786	0
837	10325	10692	0
838	10365	10191	0
839	10510	10446	0
840	10021	10421	0
841	10263	10408	0
842	10719	10806	0
843	10547	10217	0
844	10342	10649	0
845	10570	10167	0
846	10567	10503	0
847	10539	10184	0
848	10535	10184	0
849	10796	10615	0
850	10433	10255	0
851	10227	10546	0
852	10251	10662	0
853	10144	10356	0
854	10512	10167	0
855	10134	10381	0
856	10124	10256	0
857	10188	10381	0
858	10379	10443	0
859	10305	10139	0
860	10629	10499	0
861	10645	10613	0
862	10772	10120	0
863	10316	10452	0
864	10405	10019	0
865	10426	10775	0
866	10125	10236	0
867	10048	10465	0
868	10110	10452	0
869	10816	10120	0
870	10103	10201	0
871	10425	10447	0
872	10376	10385	0
873	10643	10207	0
874	10549	10143	0
875	10103	10323	0
876	10309	10540	0
877	10495	10624	0
878	10427	10181	0
879	10573	10208	0
880	10533	10338	0
881	10348	10641	0
882	10692	10473	0
883	10096	10460	0
884	10299	10208	0
885	10275	10028	0
886	10495	10202	0
887	10158	10192	0
888	10457	10226	0
889	10570	10076	0
890	10275	10445	0
891	10093	10349	0
892	10189	10218	0
893	10487	10178	0
894	10781	10420	0
895	10139	10088	0
896	10701	10614	0
897	10752	10105	0
898	10038	10785	0
899	10653	10004	0
900	10194	10261	0
901	10729	10436	0
902	10607	10633	0
903	10113	10376	0
904	10473	10225	0
905	10123	10591	0
906	10488	10398	0
907	10357	10662	0
908	10403	10066	0
909	10667	10347	0
910	10219	10219	0
911	10127	10342	0
912	10037	10654	0
913	10801	10071	0
914	10554	10302	0
915	10625	10437	0
916	10275	10025	0
917	10110	10523	0
918	10569	10331	0
919	10022	10286	0
920	10317	10088	0
921	10614	10302	0
922	10088	10017	0
923	10295	10391	0
924	10410	10445	0
925	10779	10129	0
926	10330	10665	0
927	10449	10261	0
928	10155	10573	0
929	10649	10699	0
930	10376	10420	0
931	10310	10439	0
932	10008	10752	0
933	10546	10621	0
934	10317	10802	0
935	10742	10769	0
936	10545	10484	0
937	10680	10805	0
938	10526	10178	0
939	10540	10585	0
940	10173	10426	0
941	10397	10563	0
942	10438	10039	0
943	10318	10285	0
944	10043	10604	0
945	10209	10793	0
946	10387	10143	0
947	10089	10545	0
948	10205	10205	0
949	10806	10267	0
950	10371	10636	0
951	10241	10023	0
952	10188	10636	0
953	10317	10483	0
954	10457	10552	0
955	10169	10117	0
956	10478	10440	0
957	10220	10284	0
958	10425	10572	0
959	10424	10335	0
960	10492	10047	0
961	10605	10797	0
962	10342	10811	0
963	10771	10522	0
964	10436	10314	0
965	10510	10462	0
966	10776	10394	0
967	10272	10180	0
968	10223	10401	0
969	10421	10378	0
970	10527	10505	0
971	10158	10621	0
972	10601	10085	0
973	10351	10553	0
974	10748	10095	0
975	10509	10091	0
976	10302	10435	0
977	10096	10770	0
978	10129	10119	0
979	10725	10521	0
980	10159	10626	0
981	10773	10170	0
982	10026	10424	0
983	10134	10076	0
984	10038	10141	0
985	10666	10221	0
986	10554	10520	0
987	10644	10436	0
988	10664	10233	0
989	10444	10027	0
990	10775	10001	0
991	10797	10063	0
992	10278	10168	0
993	10696	10507	0
994	10772	10475	0
995	10158	10249	0
996	10179	10659	0
997	10368	10806	0
998	10044	10425	0
999	10716	10232	0
1000	10407	10622	0
10001	20007	20492	1
10002	20517	20316	1
10003	20399	20262	1
10004	20157	20185	1
10005	20250	20125	1
10006	20495	20220	1
10007	20196	20008	1
10008	20265	20254	1
10009	20080	20558	1
10010	20613	20241	1
10011	20217	20048	1
10012	20549	20257	1
10013	20374	20272	1
10014	20646	20504	1
10015	20220	20263	1
10016	20297	20062	1
10017	20490	20428	1
10018	20511	20477	1
10019	20317	20509	1
10020	20445	20131	1
10021	20115	20351	1
10022	20296	20352	1
10023	20358	20173	1
10024	20459	20419	1
10025	20445	20342	1
10026	20238	20393	1
10027	20364	20512	1
10028	20393	20256	1
10029	20150	20534	1
10030	20311	20261	1
10031	20430	20073	1
10032	20369	20529	1
10033	20552	20373	1
10034	20096	20021	1
10035	20273	20534	1
10036	20504	20407	1
10037	20041	20451	1
10038	20295	20335	1
10039	20665	20639	1
10040	20263	20103	1
10041	20150	20159	1
10042	20246	20366	1
10043	20522	20429	1
10044	20652	20395	1
10045	20135	20260	1
10046	20067	20037	1
10047	20425	20068	1
10048	20170	20221	1
10049	20449	20277	1
10050	20657	20191	1
10051	20421	20339	1
10052	20248	20292	1
10053	20369	20421	1
10054	20531	20368	1
10055	20541	20629	1
10056	20018	20159	1
10057	20095	20614	1
10058	20112	20500	1
10059	20094	20156	1
10060	20406	20296	1
10061	20131	20002	1
10062	20210	20458	1
10063	20168	20210	1
10064	20238	20599	1
10065	20470	20175	1
10066	20269	20386	1
10067	20440	20638	1
10068	20320	20448	1
10069	20159	20042	1
10070	20601	20645	1
10071	20477	20295	1
10072	20336	20664	1
10073	20464	20440	1
10074	20668	20112	1
10075	20222	20629	1
10076	20049	20522	1
10077	20346	20353	1
10078	20203	20005	1
10079	20075	20181	1
10080	20048	20423	1
10081	20356	20470	1
10082	20308	20441	1
10083	20134	20319	1
10084	20141	20240	1
10085	20356	20160	1
10086	20433	20596	1
10087	20653	20594	1
10088	20219	20291	1
10089	20138	20340	1
10090	20310	20425	1
10091	20220	20470	1
10092	20270	20103	1
10093	20273	20010	1
10094	20155	20592	1
10095	20292	20278	1
10096	20021	20417	1
10097	20465	20370	1
10098	20431	20297	1
10099	20617	20133	1
10100	20192	20562	1
10101	20505	20125	1
10102	20170	20560	1
10103	20538	20014	1
10104	20096	20071	1
10105	20265	20006	1
10106	20281	20190	1
10107	20281	20520	1
10108	20653	20453	1
10109	20425	20069	1
10110	20656	20093	1
10111	20350	20200	1
10112	20079	20404	1
10113	20050	20244	1
10114	20400	20016	1
10115	20076	20331	1
10116	20506	20570	1
10117	20463	20225	1
10118	20466	20213	1
10119	20230	20009	1
10120	20025	20083	1
10121	20664	20656	1
10122	20205	20035	1
10123	20231	20111	1
10124	20346	20031	1
10125	20010	20608	1
10126	20376	20627	1
10127	20134	20283	1
10128	20329	20594	1
10129	20170	20043	1
10130	20286	20175	1
10131	20590	20386	1
10132	20457	20353	1
10133	20137	20407	1
10134	20554	20343	1
10135	20259	20361	1
10136	20203	20017	1
10137	20417	20634	1
10138	20223	20210	1
10139	20608	20623	1
10140	20231	20093	1
10141	20210	20138	1
10142	20331	20401	1
10143	20473	20573	1
10144	20469	20450	1
10145	20464	20173	1
10146	20599	20472	1
10147	20215	20169	1
10148	20621	20348	1
10149	20239	20650	1
10150	20562	20236	1
10151	20458	20098	1
10152	20174	20133	1
10153	20152	20089	1
10154	20617	20290	1
10155	20565	20107	1
10156	20535	20250	1
10157	20413	20190	1
10158	20050	20611	1
10159	20379	20644	1
10160	20290	20486	1
10161	20394	20390	1
10162	20427	20257	1
10163	20327	20021	1
10164	20569	20402	1
10165	20211	20586	1
10166	20085	20283	1
10167	20481	20560	1
10168	20535	20667	1
10169	20263	20641	1
10170	20057	20136	1
10171	20343	20535	1
10172	20278	20141	1
10173	20419	20661	1
10174	20508	20656	1
10175	20417	20440	1
10176	20413	20407	1
10177	20534	20453	1
10178	20507	20451	1
10179	20341	20435	1
10180	20004	20086	1
10181	20179	20496	1
10182	20516	20648	1
10183	20564	20422	1
10184	20397	20651	1
10185	20365	20093	1
10186	20667	20070	1
10187	20084	20563	1
10188	20084	20511	1
10189	20462	20162	1
10190	20221	20099	1
10191	20061	20609	1
10192	20487	20242	1
10193	20500	20386	1
10194	20641	20450	1
10195	20163	20296	1
10196	20377	20247	1
10197	20369	20281	1
10198	20533	20158	1
10199	20609	20573	1
10200	20355	20187	1
10201	20173	20523	1
10202	20164	20542	1
10203	20406	20507	1
10204	20257	20194	1
10205	20382	20386	1
10206	20558	20492	1
10207	20478	20425	1
10208	20291	20427	1
10209	20477	20510	1
10210	20321	20316	1
10211	20413	20485	1
10212	20010	20588	1
10213	20335	20660	1
10214	20138	20054	1
10215	20396	20190	1
10216	20527	20016	1
10217	20047	20567	1
10218	20460	20483	1
10219	20262	20515	1
10220	20593	20663	1
10221	20418	20258	1
10222	20235	20159	1
10223	20555	20301	1
10224	20150	20109	1
10225	20444	20327	1
10226	20184	20320	1
10227	20083	20542	1
10228	20391	20212	1
10229	20626	20221	1
10230	20610	20011	1
10231	20562	20103	1
10232	20534	20599	1
10233	20315	20432	1
10234	20307	20589	1
10235	20107	20038	1
10236	20024	20591	1
10237	20329	20638	1
10238	20646	20557	1
10239	20466	20227	1
10240	20358	20323	1
10241	20337	20143	1
10242	20243	20049	1
10243	20099	20048	1
10244	20297	20452	1
10245	20071	20580	1
10246	20438	20663	1
10247	20460	20062	1
10248	20181	20218	1
10249	20581	20551	1
10250	20307	20062	1
10251	20335	20417	1
10252	20654	20173	1
10253	20240	20537	1
10254	20459	20101	1
10255	20023	20054	1
10256	20359	20102	1
10257	20492	20233	1
10258	20073	20605	1
10259	20579	20457	1
10260	20665	20613	1
10261	20044	20627	1
10262	20177	20123	1
10263	20334	20637	1
10264	20082	20321	1
10265	20394	20168	1
10266	20130	20431	1
10267	20015	20446	1
10268	20114	20575	1
10269	20118	20382	1
10270	20076	20339	1
10271	20540	20544	1
10272	20662	20272	1
10273	20006	20668	1
10274	20023	20541	1
10275	20305	20457	1
10276	20122	20490	1
10277	20611	20323	1
10278	20421	20246	1
10279	20417	20224	1
10280	20482	20363	1
10281	20534	20374	1
10282	20600	20108	1
10283	20359	20529	1
10284	20371	20239	1
10285	20093	20448	1
10286	20474	20077	1
10287	20456	20505	1
10288	20371	20544	1
10289	20162	20258	1
10290	20097	20108	1
10291	20162	20194	1
10292	20385	20467	1
10293	20047	20456	1
10294	20247	20456	1
10295	20501	20487	1
10296	20518	20374	1
10297	20263	20121	1
10298	20650	20469	1
10299	20034	20660	1
10300	20328	20075	1
10301	20467	20281	1
10302	20530	20162	1
10303	20576	20594	1
10304	20421	20525	1
10305	20302	20491	1
10306	20667	20106	1
10307	20074	20078	1
10308	20486	20024	1
10309	20188	20179	1
10310	20316	20640	1
10311	20447	20455	1
10312	20382	20481	1
10313	20106	20290	1
10314	20042	20464	1
10315	20007	20668	1
10316	20357	20311	1
10317	20665	20331	1
10318	20642	20078	1
10319	20603	20557	1
10320	20454	20033	1
10321	20585	20175	1
10322	20165	20480	1
10323	20309	20409	1
10324	20263	20062	1
10325	20488	20478	1
10326	20220	20623	1
10327	20496	20623	1
10328	20181	20082	1
10329	20247	20515	1
10330	20292	20232	1
10331	20089	20326	1
10332	20628	20082	1
10333	20209	20154	1
10334	20651	20164	1
10335	20212	20221	1
10336	20581	20079	1
10337	20218	20430	1
10338	20330	20115	1
10339	20048	20140	1
10340	20331	20174	1
10341	20064	20243	1
10342	20167	20588	1
10343	20512	20333	1
10344	20073	20195	1
10345	20595	20445	1
10346	20349	20324	1
10347	20206	20161	1
10348	20269	20616	1
10349	20329	20446	1
10350	20228	20137	1
10351	20227	20518	1
10352	20510	20040	1
10353	20149	20210	1
10354	20481	20365	1
10355	20148	20314	1
10356	20070	20024	1
10357	20384	20622	1
10358	20398	20178	1
10359	20313	20241	1
10360	20536	20664	1
10361	20423	20333	1
10362	20569	20666	1
10363	20647	20478	1
10364	20243	20527	1
10365	20124	20109	1
10366	20649	20343	1
10367	20028	20643	1
10368	20506	20402	1
10369	20361	20116	1
10370	20151	20470	1
10371	20505	20661	1
10372	20037	20344	1
10373	20011	20413	1
10374	20090	20353	1
10375	20518	20322	1
10376	20001	20352	1
10377	20116	20496	1
10378	20220	20208	1
10379	20049	20131	1
10380	20007	20436	1
10381	20053	20359	1
10382	20453	20498	1
10383	20501	20021	1
10384	20193	20321	1
10385	20476	20582	1
10386	20440	20067	1
10387	20354	20252	1
10388	20256	20490	1
10389	20191	20183	1
10390	20154	20564	1
10391	20125	20254	1
10392	20093	20266	1
10393	20153	20122	1
10394	20422	20230	1
10395	20478	20468	1
10396	20102	20123	1
10397	20635	20308	1
10398	20038	20658	1
10399	20127	20229	1
10400	20409	20029	1
10401	20013	20433	1
10402	20357	20025	1
10403	20402	20176	1
10404	20283	20040	1
10405	20107	20246	1
10406	20551	20545	1
10407	20360	20103	1
10408	20198	20649	1
10409	20176	20557	1
10410	20068	20649	1
10411	20403	20584	1
10412	20586	20440	1
10413	20453	20253	1
10414	20360	20243	1
10415	20344	20338	1
10416	20493	20155	1
10417	20416	20526	1
10418	20481	20520	1
10419	20237	20163	1
10420	20534	20507	1
10421	20044	20183	1
10422	20093	20282	1
10423	20488	20455	1
10424	20041	20399	1
10425	20234	20296	1
10426	20435	20144	1
10427	20036	20507	1
10428	20318	20166	1
10429	20404	20292	1
10430	20319	20654	1
10431	20062	20232	1
10432	20075	20259	1
10433	20376	20237	1
10434	20139	20388	1
10435	20109	20366	1
10436	20062	20198	1
10437	20479	20133	1
10438	20119	20030	1
10439	20071	20542	1
10440	20236	20585	1
10441	20456	20612	1
10442	20165	20330	1
10443	20590	20238	1
10444	20351	20036	1
10445	20529	20127	1
10446	20470	20482	1
10447	20263	20121	1
10448	20408	20656	1
10449	20298	20463	1
10450	20149	20086	1
10451	20144	20010	1
10452	20082	20070	1
10453	20244	20482	1
10454	20017	20245	1
10455	20121	20598	1
10456	20609	20656	1
10457	20098	20346	1
10458	20371	20373	1
10459	20400	20348	1
10460	20007	20592	1
10461	20031	20378	1
10462	20177	20092	1
10463	20187	20400	1
10464	20075	20039	1
10465	20043	20316	1
10466	20034	20031	1
10467	20114	20550	1
10468	20235	20054	1
10469	20256	20345	1
10470	20082	20438	1
10471	20522	20162	1
10472	20275	20001	1
10473	20643	20255	1
10474	20243	20513	1
10475	20481	20080	1
10476	20401	20567	1
10477	20169	20045	1
10478	20358	20166	1
10479	20665	20135	1
10480	20622	20416	1
10481	20129	20608	1
10482	20013	20312	1
10483	20228	20481	1
10484	20590	20173	1
10485	20357	20502	1
10486	20358	20573	1
10487	20578	20648	1
10488	20481	20079	1
10489	20128	20011	1
10490	20143	20157	1
10491	20482	20029	1
10492	20030	20627	1
10493	20393	20527	1
10494	20258	20420	1
10495	20072	20165	1
10496	20009	20456	1
10497	20046	20481	1
10498	20442	20092	1
10499	20102	20388	1
10500	20513	20349	1
10501	20473	20087	1
10502	20610	20413	1
10503	20539	20471	1
10504	20121	20358	1
10505	20532	20207	1
10506	20511	20343	1
10507	20668	20095	1
10508	20546	20305	1
10509	20656	20542	1
10510	20603	20028	1
10511	20530	20380	1
10512	20090	20602	1
10513	20053	20360	1
10514	20184	20267	1
10515	20412	20473	1
10516	20319	20071	1
10517	20061	20670	1
10518	20523	20253	1
10519	20436	20250	1
10520	20355	20666	1
10521	20355	20047	1
10522	20201	20205	1
10523	20626	20147	1
10524	20006	20603	1
10525	20040	20099	1
10526	20507	20468	1
10527	20023	20254	1
10528	20104	20324	1
10529	20023	20250	1
10530	20503	20495	1
10531	20389	20380	1
10532	20495	20496	1
10533	20157	20199	1
10534	20319	20096	1
10535	20617	20553	1
10536	20371	20269	1
10537	20150	20626	1
10538	20439	20634	1
10539	20164	20496	1
10540	20287	20335	1
10541	20628	20477	1
10542	20460	20153	1
10543	20664	20279	1
10544	20247	20299	1
10545	20081	20256	1
10546	20204	20148	1
10547	20535	20061	1
10548	20364	20298	1
10549	20552	20628	1
10550	20018	20466	1
10551	20119	20562	1
10552	20448	20410	1
10553	20666	20084	1
10554	20046	20083	1
10555	20288	20289	1
10556	20281	20139	1
10557	20392	20499	1
10558	20574	20043	1
10559	20015	20052	1
10560	20583	20369	1
10561	20013	20520	1
10562	20366	20662	1
10563	20120	20236	1
10564	20085	20233	1
10565	20366	20359	1
10566	20347	20464	1
10567	20626	20034	1
10568	20634	20608	1
10569	20275	20635	1
10570	20470	20663	1
10571	20289	20246	1
10572	20152	20140	1
10573	20331	20277	1
10574	20126	20566	1
10575	20082	20235	1
10576	20102	20562	1
10577	20443	20543	1
10578	20461	20403	1
10579	20266	20533	1
10580	20323	20282	1
10581	20512	20360	1
10582	20047	20373	1
10583	20536	20118	1
10584	20040	20603	1
10585	20032	20613	1
10586	20216	20322	1
10587	20070	20340	1
10588	20519	20085	1
10589	20051	20523	1
10590	20588	20169	1
10591	20408	20182	1
10592	20651	20212	1
10593	20572	20047	1
10594	20657	20210	1
10595	20456	20330	1
10596	20064	20388	1
10597	20348	20461	1
10598	20019	20244	1
10599	20274	20565	1
10600	20399	20234	1
10601	20634	20256	1
10602	20174	20356	1
10603	20495	20334	1
10604	20618	20084	1
10605	20298	20096	1
10606	20143	20072	1
10607	20173	20140	1
10608	20465	20136	1
10609	20105	20039	1
10610	20195	20119	1
10611	20012	20270	1
10612	20414	20402	1
10613	20087	20484	1
10614	20003	20630	1
10615	20186	20360	1
10616	20578	20579	1
10617	20318	20379	1
10618	20227	20218	1
10619	20243	20562	1
10620	20465	20178	1
10621	20044	20606	1
10622	20077	20395	1
10623	20381	20055	1
10624	20047	20625	1
10625	20410	20196	1
10626	20238	20531	1
10627	20327	20307	1
10628	20268	20481	1
10629	20516	20448	1
10630	20400	20406	1
10631	20097	20478	1
10632	20042	20326	1
10633	20385	20137	1
10634	20172	20323	1
10635	20461	20160	1
10636	20417	20022	1
10637	20066	20359	1
10638	20015	20279	1
10639	20618	20493	1
10640	20656	20156	1
10641	20592	20468	1
10642	20231	20209	1
10643	20335	20047	1
10644	20112	20318	1
10645	20438	20487	1
10646	20664	20311	1
10647	20639	20009	1
10648	20406	20109	1
10649	20310	20459	1
10650	20346	20590	1
10651	20188	20082	1
10652	20637	20226	1
10653	20255	20159	1
10654	20261	20140	1
10655	20171	20189	1
10656	20491	20039	1
10657	20147	20311	1
10658	20594	20473	1
10659	20401	20581	1
10660	20118	20274	1
10661	20459	20304	1
10662	20327	20445	1
10663	20515	20541	1
10664	20070	20383	1
10665	20332	20354	1
10666	20304	20518	1
10667	20567	20536	1
10668	20442	20413	1
10669	20562	20251	1
10670	20130	20368	1
10671	20453	20212	1
10672	20115	20420	1
10673	20050	20198	1
10674	20386	20053	1
10675	20400	20576	1
10676	20424	20438	1
10677	20663	20200	1
10678	20507	20627	1
10679	20106	20550	1
10680	20398	20110	1
10681	20425	20287	1
10682	20325	20162	1
10683	20218	20150	1
10684	20292	20003	1
10685	20226	20591	1
10686	20119	20350	1
10687	20301	20229	1
10688	20175	20199	1
10689	20535	20057	1
10690	20228	20381	1
10691	20114	20075	1
10692	20447	20405	1
10693	20491	20103	1
10694	20481	20458	1
10695	20330	20511	1
10696	20389	20096	1
10697	20267	20159	1
10698	20020	20127	1
10699	20603	20149	1
10700	20262	20003	1
10701	20668	20414	1
10702	20653	20245	1
10703	20290	20041	1
10704	20461	20512	1
10705	20548	20510	1
10706	20266	20217	1
10707	20520	20604	1
10708	20049	20444	1
10709	20157	20226	1
10710	20065	20045	1
10711	20418	20120	1
10712	20359	20056	1
10713	20320	20471	1
10714	20155	20110	1
10715	20242	20527	1
10716	20421	20337	1
10717	20057	20215	1
10718	20182	20450	1
10719	20092	20067	1
10720	20220	20661	1
10721	20056	20186	1
10722	20027	20535	1
10723	20182	20652	1
10724	20321	20234	1
10725	20089	20566	1
10726	20043	20666	1
10727	20503	20082	1
10728	20520	20341	1
10729	20056	20424	1
10730	20337	20451	1
10731	20534	20317	1
10732	20004	20062	1
10733	20092	20544	1
10734	20569	20368	1
10735	20179	20377	1
10736	20102	20085	1
10737	20542	20497	1
10738	20288	20189	1
10739	20399	20613	1
10740	20365	20661	1
10741	20460	20046	1
10742	20175	20021	1
10743	20635	20065	1
10744	20138	20223	1
10745	20200	20200	1
10746	20400	20528	1
10747	20617	20260	1
10748	20467	20500	1
10749	20515	20282	1
10750	20312	20498	1
10751	20395	20101	1
10752	20061	20316	1
10753	20030	20234	1
10754	20242	20337	1
10755	20035	20265	1
10756	20090	20535	1
10757	20625	20443	1
10758	20456	20118	1
10759	20056	20380	1
10760	20313	20131	1
10761	20551	20302	1
10762	20308	20512	1
10763	20531	20120	1
10764	20540	20538	1
10765	20588	20068	1
10766	20037	20536	1
10767	20328	20579	1
10768	20505	20184	1
10769	20437	20356	1
10770	20092	20562	1
10771	20193	20491	1
10772	20298	20412	1
10773	20376	20034	1
10774	20632	20281	1
10775	20663	20247	1
10776	20111	20346	1
10777	20619	20481	1
10778	20373	20448	1
10779	20357	20211	1
10780	20311	20463	1
10781	20276	20512	1
10782	20387	20174	1
10783	20658	20361	1
10784	20509	20395	1
10785	20204	20311	1
10786	20281	20480	1
10787	20433	20180	1
10788	20132	20391	1
10789	20266	20661	1
10790	20492	20579	1
10791	20038	20598	1
10792	20536	20517	1
10793	20454	20525	1
10794	20195	20127	1
10795	20580	20228	1
10796	20670	20640	1
10797	20249	20252	1
10798	20373	20428	1
10799	20657	20103	1
10800	20127	20154	1
10801	20179	20282	1
10802	20595	20361	1
10803	20162	20198	1
10804	20298	20106	1
10805	20376	20409	1
10806	20223	20469	1
10807	20077	20284	1
10808	20294	20530	1
10809	20239	20522	1
10810	20670	20013	1
10811	20121	20413	1
10812	20074	20189	1
10813	20563	20426	1
10814	20639	20472	1
10815	20062	20410	1
10816	20281	20410	1
10817	20195	20178	1
10818	20158	20244	1
20001	30285	30160	2
20002	30455	30054	2
20003	30345	30340	2
20004	30260	30016	2
20005	30281	30334	2
20006	30147	30064	2
20007	30316	30219	2
20008	30518	30470	2
20009	30054	30545	2
20010	30240	30238	2
20011	30163	30451	2
20012	30260	30052	2
20013	30039	30324	2
20014	30174	30384	2
20015	30534	30462	2
20016	30309	30134	2
20017	30127	30385	2
20018	30029	30248	2
20019	30037	30181	2
20020	30303	30108	2
20021	30088	30409	2
20022	30344	30460	2
20023	30272	30520	2
20024	30309	30250	2
20025	30505	30344	2
20026	30418	30373	2
20027	30368	30210	2
20028	30522	30041	2
20029	30442	30505	2
20030	30422	30187	2
20031	30318	30085	2
20032	30328	30008	2
20033	30108	30386	2
20034	30064	30503	2
20035	30005	30169	2
20036	30276	30521	2
20037	30128	30118	2
20038	30168	30366	2
20039	30014	30368	2
20040	30502	30112	2
20041	30142	30108	2
20042	30342	30384	2
20043	30364	30486	2
20044	30189	30260	2
20045	30324	30196	2
20046	30479	30213	2
20047	30034	30156	2
20048	30313	30338	2
20049	30042	30283	2
20050	30009	30287	2
20051	30177	30530	2
20052	30338	30181	2
20053	30031	30488	2
20054	30422	30270	2
20055	30145	30069	2
20056	30403	30403	2
20057	30013	30028	2
20058	30310	30249	2
20059	30409	30444	2
20060	30264	30070	2
20061	30375	30545	2
20062	30387	30506	2
20063	30295	30486	2
20064	30272	30082	2
20065	30062	30541	2
20066	30067	30461	2
20067	30142	30463	2
20068	30243	30322	2
20069	30446	30453	2
20070	30194	30221	2
20071	30482	30177	2
20072	30101	30419	2
20073	30411	30456	2
20074	30093	30204	2
20075	30249	30167	2
20076	30504	30250	2
20077	30344	30390	2
20078	30401	30227	2
20079	30432	30195	2
20080	30123	30232	2
20081	30397	30476	2
20082	30336	30363	2
20083	30297	30300	2
20084	30278	30404	2
20085	30411	30477	2
20086	30203	30443	2
20087	30119	30433	2
20088	30043	30274	2
20089	30032	30144	2
20090	30368	30053	2
20091	30177	30301	2
20092	30352	30274	2
20093	30308	30205	2
20094	30213	30089	2
20095	30200	30166	2
20096	30501	30376	2
20097	30085	30169	2
20098	30290	30468	2
20099	30457	30213	2
20100	30185	30184	2
20101	30242	30273	2
20102	30194	30256	2
20103	30010	30082	2
20104	30355	30412	2
20105	30456	30122	2
20106	30248	30208	2
20107	30432	30436	2
20108	30174	30131	2
20109	30411	30299	2
20110	30397	30093	2
20111	30381	30193	2
20112	30134	30224	2
20113	30307	30519	2
20114	30157	30051	2
20115	30451	30218	2
20116	30075	30042	2
20117	30162	30086	2
20118	30506	30332	2
20119	30325	30141	2
20120	30208	30223	2
20121	30128	30041	2
20122	30194	30300	2
20123	30447	30356	2
20124	30081	30211	2
20125	30228	30355	2
20126	30164	30157	2
20127	30304	30408	2
20128	30301	30215	2
20129	30530	30385	2
20130	30102	30319	2
20131	30013	30172	2
20132	30175	30439	2
20133	30476	30386	2
20134	30291	30268	2
20135	30311	30313	2
20136	30429	30394	2
20137	30237	30463	2
20138	30409	30491	2
20139	30074	30386	2
20140	30161	30456	2
20141	30527	30311	2
20142	30077	30450	2
20143	30281	30257	2
20144	30175	30267	2
20145	30438	30263	2
20146	30343	30204	2
20147	30144	30435	2
20148	30446	30146	2
20149	30050	30336	2
20150	30326	30125	2
20151	30049	30067	2
20152	30495	30371	2
20153	30373	30337	2
20154	30130	30077	2
20155	30291	30094	2
20156	30171	30141	2
20157	30448	30017	2
20158	30464	30411	2
20159	30286	30342	2
20160	30060	30479	2
20161	30373	30422	2
20162	30376	30378	2
20163	30236	30118	2
20164	30445	30057	2
20165	30312	30163	2
20166	30357	30059	2
20167	30066	30362	2
20168	30490	30299	2
20169	30393	30054	2
20170	30337	30474	2
20171	30020	30440	2
20172	30533	30228	2
20173	30074	30440	2
20174	30192	30408	2
20175	30433	30014	2
20176	30348	30006	2
20177	30264	30294	2
20178	30343	30374	2
20179	30412	30301	2
20180	30326	30524	2
20181	30046	30186	2
20182	30315	30459	2
20183	30144	30345	2
20184	30088	30293	2
20185	30335	30322	2
20186	30347	30329	2
20187	30098	30002	2
20188	30052	30170	2
20189	30137	30050	2
20190	30433	30415	2
20191	30065	30545	2
20192	30376	30012	2
20193	30181	30459	2
20194	30056	30370	2
20195	30259	30438	2
20196	30353	30225	2
20197	30329	30383	2
20198	30456	30360	2
20199	30384	30299	2
20200	30242	30051	2
20201	30273	30080	2
20202	30451	30107	2
20203	30142	30286	2
20204	30474	30256	2
20205	30350	30511	2
20206	30076	30228	2
20207	30521	30507	2
20208	30200	30012	2
20209	30202	30263	2
20210	30542	30235	2
20211	30522	30128	2
20212	30128	30344	2
20213	30200	30531	2
20214	30405	30403	2
20215	30107	30532	2
20216	30331	30156	2
20217	30042	30222	2
20218	30473	30475	2
20219	30164	30135	2
20220	30201	30204	2
20221	30402	30290	2
20222	30414	30040	2
20223	30519	30106	2
20224	30202	30150	2
20225	30385	30264	2
20226	30493	30008	2
20227	30437	30072	2
20228	30092	30037	2
20229	30153	30304	2
20230	30229	30099	2
20231	30067	30496	2
20232	30054	30290	2
20233	30417	30002	2
20234	30452	30398	2
20235	30436	30473	2
20236	30323	30007	2
20237	30223	30416	2
20238	30107	30168	2
20239	30429	30498	2
20240	30091	30058	2
20241	30416	30065	2
20242	30340	30310	2
20243	30180	30122	2
20244	30245	30038	2
20245	30230	30002	2
20246	30507	30128	2
20247	30228	30380	2
20248	30312	30185	2
20249	30074	30191	2
20250	30022	30479	2
20251	30157	30340	2
20252	30197	30165	2
20253	30501	30077	2
20254	30073	30215	2
20255	30189	30226	2
20256	30539	30236	2
20257	30495	30474	2
20258	30477	30535	2
20259	30296	30370	2
20260	30101	30165	2
20261	30239	30491	2
20262	30111	30095	2
20263	30457	30507	2
20264	30058	30126	2
20265	30255	30303	2
20266	30535	30168	2
20267	30064	30321	2
20268	30306	30032	2
20269	30113	30003	2
20270	30301	30505	2
20271	30215	30387	2
20272	30227	30207	2
20273	30405	30538	2
20274	30019	30087	2
20275	30197	30119	2
20276	30373	30162	2
20277	30274	30111	2
20278	30010	30260	2
20279	30142	30327	2
20280	30010	30054	2
20281	30426	30055	2
20282	30151	30059	2
20283	30106	30028	2
20284	30176	30389	2
20285	30186	30502	2
20286	30058	30013	2
20287	30153	30347	2
20288	30462	30043	2
20289	30173	30370	2
20290	30378	30450	2
20291	30463	30285	2
20292	30487	30415	2
20293	30515	30294	2
20294	30324	30257	2
20295	30344	30472	2
20296	30399	30042	2
20297	30139	30275	2
20298	30310	30136	2
20299	30507	30505	2
20300	30150	30488	2
20301	30418	30151	2
20302	30376	30482	2
20303	30510	30217	2
20304	30462	30354	2
20305	30055	30166	2
20306	30295	30261	2
20307	30410	30386	2
20308	30177	30152	2
20309	30380	30264	2
20310	30038	30433	2
20311	30045	30438	2
20312	30151	30076	2
20313	30255	30378	2
20314	30120	30137	2
20315	30231	30259	2
20316	30215	30210	2
20317	30106	30310	2
20318	30475	30183	2
20319	30538	30374	2
20320	30531	30291	2
20321	30224	30429	2
20322	30310	30135	2
20323	30031	30330	2
20324	30239	30023	2
20325	30071	30246	2
20326	30424	30136	2
20327	30390	30164	2
20328	30454	30166	2
20329	30375	30467	2
20330	30051	30127	2
20331	30431	30448	2
20332	30367	30292	2
20333	30527	30240	2
20334	30331	30256	2
20335	30125	30536	2
20336	30351	30022	2
20337	30327	30415	2
20338	30056	30115	2
20339	30007	30457	2
20340	30462	30347	2
20341	30236	30246	2
20342	30044	30244	2
20343	30454	30285	2
20344	30029	30293	2
20345	30074	30399	2
20346	30110	30194	2
20347	30267	30285	2
20348	30182	30547	2
20349	30088	30400	2
20350	30375	30046	2
20351	30150	30189	2
20352	30132	30163	2
20353	30083	30548	2
20354	30141	30536	2
20355	30511	30042	2
20356	30003	30307	2
20357	30411	30217	2
20358	30028	30006	2
20359	30351	30160	2
20360	30364	30104	2
20361	30275	30096	2
20362	30176	30355	2
20363	30360	30027	2
20364	30307	30139	2
20365	30187	30270	2
20366	30093	30244	2
20367	30310	30383	2
20368	30129	30030	2
20369	30061	30393	2
20370	30449	30248	2
20371	30192	30117	2
20372	30171	30451	2
20373	30296	30373	2
20374	30349	30052	2
20375	30229	30456	2
20376	30148	30143	2
20377	30336	30482	2
20378	30263	30280	2
20379	30531	30188	2
20380	30255	30108	2
20381	30361	30125	2
20382	30473	30179	2
20383	30040	30465	2
20384	30127	30295	2
20385	30115	30013	2
20386	30354	30391	2
20387	30523	30250	2
20388	30056	30033	2
20389	30238	30412	2
20390	30174	30210	2
20391	30184	30144	2
20392	30458	30161	2
20393	30294	30113	2
20394	30393	30412	2
20395	30124	30435	2
20396	30309	30413	2
20397	30362	30079	2
20398	30516	30504	2
20399	30218	30525	2
20400	30041	30269	2
20401	30031	30491	2
20402	30446	30386	2
20403	30080	30372	2
20404	30222	30051	2
20405	30236	30262	2
20406	30547	30336	2
20407	30199	30300	2
20408	30071	30061	2
20409	30494	30483	2
20410	30454	30191	2
20411	30485	30061	2
20412	30488	30025	2
20413	30384	30221	2
20414	30045	30367	2
20415	30542	30457	2
20416	30039	30159	2
20417	30238	30516	2
20418	30288	30295	2
20419	30386	30254	2
20420	30446	30129	2
20421	30356	30055	2
20422	30232	30042	2
20423	30052	30296	2
20424	30400	30022	2
20425	30516	30424	2
20426	30150	30462	2
20427	30384	30225	2
20428	30070	30241	2
20429	30077	30278	2
20430	30053	30347	2
20431	30526	30011	2
20432	30038	30148	2
20433	30344	30155	2
20434	30398	30023	2
20435	30278	30058	2
20436	30459	30395	2
20437	30178	30300	2
20438	30344	30177	2
20439	30496	30324	2
20440	30291	30156	2
20441	30134	30022	2
20442	30264	30209	2
20443	30226	30113	2
20444	30166	30370	2
20445	30026	30255	2
20446	30380	30093	2
20447	30197	30348	2
20448	30120	30494	2
20449	30514	30027	2
20450	30234	30314	2
20451	30448	30264	2
20452	30527	30398	2
20453	30079	30328	2
20454	30271	30163	2
20455	30304	30019	2
20456	30522	30027	2
20457	30487	30486	2
20458	30453	30507	2
20459	30061	30341	2
20460	30352	30358	2
20461	30483	30040	2
20462	30007	30112	2
20463	30120	30444	2
20464	30118	30114	2
20465	30391	30438	2
20466	30311	30073	2
20467	30272	30319	2
20468	30499	30200	2
20469	30007	30277	2
20470	30388	30174	2
20471	30112	30266	2
20472	30284	30044	2
20473	30336	30422	2
20474	30348	30077	2
20475	30207	30358	2
20476	30522	30354	2
20477	30466	30483	2
20478	30125	30476	2
20479	30485	30279	2
20480	30087	30302	2
20481	30269	30343	2
20482	30360	30141	2
20483	30061	30127	2
20484	30401	30401	2
20485	30063	30157	2
20486	30286	30374	2
20487	30240	30419	2
20488	30202	30413	2
20489	30409	30099	2
20490	30190	30020	2
20491	30235	30230	2
20492	30442	30331	2
20493	30210	30388	2
20494	30057	30338	2
20495	30176	30012	2
20496	30503	30528	2
20497	30237	30074	2
20498	30009	30447	2
20499	30232	30132	2
20500	30355	30181	2
20501	30530	30063	2
20502	30181	30229	2
20503	30384	30506	2
20504	30267	30452	2
20505	30109	30050	2
20506	30121	30438	2
20507	30108	30310	2
20508	30026	30266	2
20509	30325	30144	2
20510	30457	30016	2
20511	30341	30345	2
20512	30436	30032	2
20513	30331	30509	2
20514	30373	30047	2
20515	30052	30043	2
20516	30274	30387	2
20517	30409	30118	2
20518	30398	30347	2
20519	30097	30443	2
20520	30508	30246	2
20521	30204	30161	2
20522	30301	30061	2
20523	30248	30412	2
20524	30309	30162	2
20525	30472	30190	2
20526	30068	30141	2
20527	30328	30472	2
20528	30247	30495	2
20529	30287	30506	2
20530	30262	30276	2
20531	30198	30408	2
20532	30083	30219	2
20533	30337	30398	2
20534	30228	30307	2
20535	30065	30067	2
20536	30296	30534	2
20537	30344	30056	2
20538	30543	30011	2
20539	30175	30371	2
20540	30273	30389	2
20541	30263	30343	2
20542	30259	30349	2
20543	30009	30384	2
20544	30418	30195	2
20545	30168	30471	2
20546	30288	30511	2
20547	30008	30543	2
20548	30071	30272	2
20549	30468	30286	2
20550	30387	30542	2
20551	30340	30184	2
20552	30384	30416	2
20553	30017	30411	2
20554	30277	30373	2
20555	30478	30141	2
20556	30327	30149	2
20557	30094	30298	2
20558	30049	30352	2
20559	30315	30408	2
20560	30228	30310	2
20561	30147	30412	2
20562	30080	30156	2
20563	30217	30361	2
20564	30069	30532	2
20565	30214	30047	2
20566	30216	30064	2
20567	30185	30094	2
20568	30095	30506	2
20569	30372	30093	2
20570	30172	30123	2
20571	30249	30118	2
20572	30071	30091	2
20573	30082	30485	2
20574	30489	30227	2
20575	30095	30354	2
20576	30344	30095	2
20577	30301	30390	2
20578	30354	30154	2
20579	30313	30422	2
20580	30378	30324	2
20581	30168	30212	2
20582	30548	30320	2
20583	30513	30136	2
20584	30469	30291	2
20585	30071	30043	2
20586	30149	30440	2
20587	30477	30535	2
20588	30118	30182	2
20589	30359	30498	2
20590	30312	30122	2
20591	30073	30001	2
20592	30203	30335	2
20593	30299	30491	2
20594	30309	30461	2
20595	30545	30153	2
20596	30071	30415	2
20597	30146	30527	2
20598	30230	30539	2
20599	30306	30230	2
20600	30522	30087	2
20601	30105	30381	2
20602	30335	30488	2
20603	30096	30159	2
20604	30411	30345	2
20605	30121	30333	2
20606	30516	30129	2
20607	30279	30487	2
20608	30372	30186	2
20609	30444	30029	2
20610	30402	30286	2
20611	30104	30491	2
20612	30517	30385	2
20613	30021	30381	2
20614	30159	30316	2
20615	30114	30265	2
20616	30148	30296	2
20617	30060	30402	2
20618	30230	30229	2
20619	30071	30113	2
20620	30308	30363	2
20621	30322	30536	2
20622	30264	30482	2
20623	30037	30526	2
20624	30245	30468	2
20625	30153	30416	2
20626	30258	30254	2
20627	30267	30381	2
20628	30029	30199	2
20629	30030	30407	2
20630	30114	30188	2
20631	30141	30133	2
20632	30336	30419	2
20633	30129	30270	2
20634	30423	30110	2
20635	30471	30238	2
20636	30066	30411	2
20637	30115	30202	2
20638	30140	30032	2
20639	30141	30408	2
20640	30360	30033	2
20641	30507	30440	2
20642	30397	30425	2
20643	30352	30477	2
20644	30534	30347	2
20645	30521	30083	2
20646	30508	30396	2
20647	30369	30367	2
20648	30403	30422	2
20649	30195	30239	2
20650	30476	30237	2
20651	30430	30208	2
20652	30106	30241	2
20653	30417	30492	2
20654	30274	30390	2
20655	30106	30043	2
20656	30529	30090	2
20657	30296	30348	2
20658	30344	30544	2
20659	30548	30284	2
20660	30002	30150	2
20661	30333	30327	2
20662	30332	30427	2
20663	30259	30502	2
20664	30073	30460	2
20665	30343	30501	2
20666	30302	30186	2
20667	30442	30194	2
20668	30071	30106	2
20669	30294	30372	2
20670	30376	30546	2
30001	40386	40307	3
30002	40243	40290	3
30003	40218	40141	3
30004	40043	40332	3
30005	40256	40448	3
30006	40233	40171	3
30007	40436	40228	3
30008	40233	40021	3
30009	40323	40246	3
30010	40260	40305	3
30011	40152	40087	3
30012	40087	40034	3
30013	40016	40260	3
30014	40334	40046	3
30015	40416	40323	3
30016	40308	40201	3
30017	40398	40136	3
30018	40382	40254	3
30019	40064	40275	3
30020	40396	40211	3
30021	40335	40076	3
30022	40285	40057	3
30023	40111	40204	3
30024	40381	40399	3
30025	40367	40355	3
30026	40200	40020	3
30027	40346	40112	3
30028	40065	40108	3
30029	40068	40043	3
30030	40409	40324	3
30031	40109	40441	3
30032	40313	40154	3
30033	40326	40424	3
30034	40017	40021	3
30035	40444	40283	3
30036	40404	40045	3
30037	40219	40190	3
30038	40426	40066	3
30039	40022	40228	3
30040	40226	40197	3
30041	40233	40061	3
30042	40348	40327	3
30043	40077	40202	3
30044	40406	40064	3
30045	40087	40367	3
30046	40211	40092	3
30047	40055	40422	3
30048	40135	40219	3
30049	40291	40240	3
30050	40325	40107	3
30051	40135	40427	3
30052	40160	40405	3
30053	40193	40228	3
30054	40314	40405	3
30055	40077	40416	3
30056	40238	40040	3
30057	40115	40433	3
30058	40099	40120	3
30059	40128	40056	3
30060	40100	40212	3
30061	40203	40302	3
30062	40345	40074	3
30063	40318	40194	3
30064	40164	40227	3
30065	40221	40297	3
30066	40428	40192	3
30067	40248	40021	3
30068	40365	40284	3
30069	40048	40424	3
30070	40353	40326	3
30071	40038	40096	3
30072	40299	40373	3
30073	40166	40174	3
30074	40085	40397	3
30075	40416	40050	3
30076	40317	40247	3
30077	40215	40317	3
30078	40138	40174	3
30079	40144	40110	3
30080	40105	40441	3
30081	40197	40296	3
30082	40117	40418	3
30083	40416	40135	3
30084	40301	40149	3
30085	40169	40341	3
30086	40213	40436	3
30087	40339	40431	3
30088	40174	40075	3
30089	40094	40431	3
30090	40104	40105	3
30091	40430	40429	3
30092	40279	40134	3
30093	40421	40316	3
30094	40143	40049	3
30095	40135	40127	3
30096	40444	40056	3
30097	40320	40142	3
30098	40225	40068	3
30099	40320	40146	3
30100	40367	40021	3
30101	40419	40018	3
30102	40234	40250	3
30103	40261	40230	3
30104	40118	40344	3
30105	40042	40044	3
30106	40076	40291	3
30107	40415	40115	3
30108	40355	40123	3
30109	40366	40290	3
30110	40425	40127	3
30111	40025	40352	3
30112	40371	40414	3
30113	40393	40276	3
30114	40270	40061	3
30115	40049	40264	3
30116	40002	40264	3
30117	40027	40407	3
30118	40150	40167	3
30119	40304	40092	3
30120	40056	40055	3
30121	40187	40148	3
30122	40225	40092	3
30123	40331	40102	3
30124	40414	40083	3
30125	40026	40240	3
30126	40389	40216	3
30127	40297	40203	3
30128	40134	40178	3
30129	40315	40035	3
30130	40120	40316	3
30131	40382	40082	3
30132	40140	40183	3
30133	40238	40005	3
30134	40424	40361	3
30135	40443	40398	3
30136	40412	40368	3
30137	40194	40144	3
30138	40185	40395	3
30139	40412	40115	3
30140	40183	40061	3
30141	40023	40343	3
30142	40117	40286	3
30143	40262	40094	3
30144	40127	40236	3
30145	40415	40093	3
30146	40010	40124	3
30147	40126	40383	3
30148	40283	40016	3
30149	40329	40420	3
30150	40025	40198	3
30151	40403	40261	3
30152	40317	40048	3
30153	40215	40159	3
30154	40268	40131	3
30155	40358	40299	3
30156	40376	40038	3
30157	40030	40352	3
30158	40276	40186	3
30159	40360	40069	3
30160	40309	40281	3
30161	40083	40214	3
30162	40122	40166	3
30163	40092	40183	3
30164	40256	40124	3
30165	40048	40192	3
30166	40428	40115	3
30167	40049	40032	3
30168	40308	40442	3
30169	40446	40232	3
30170	40289	40332	3
30171	40169	40358	3
30172	40039	40394	3
30173	40144	40315	3
30174	40428	40006	3
30175	40260	40448	3
30176	40324	40112	3
30177	40216	40207	3
30178	40196	40425	3
30179	40370	40058	3
30180	40430	40431	3
30181	40317	40449	3
30182	40267	40261	3
30183	40064	40246	3
30184	40429	40093	3
30185	40449	40094	3
30186	40326	40219	3
30187	40020	40326	3
30188	40198	40435	3
30189	40320	40321	3
30190	40285	40319	3
30191	40331	40038	3
30192	40014	40314	3
30193	40092	40445	3
30194	40092	40083	3
30195	40015	40315	3
30196	40099	40332	3
30197	40209	40262	3
30198	40048	40246	3
30199	40136	40430	3
30200	40261	40037	3
30201	40257	40069	3
30202	40409	40082	3
30203	40353	40278	3
30204	40222	40210	3
30205	40256	40329	3
30206	40281	40018	3
30207	40265	40147	3
30208	40112	40123	3
30209	40255	40139	3
30210	40408	40034	3
30211	40173	40209	3
30212	40219	40217	3
30213	40296	40052	3
30214	40308	40297	3
30215	40175	40020	3
30216	40350	40024	3
30217	40051	40336	3
30218	40261	40224	3
30219	40083	40217	3
30220	40282	40027	3
30221	40327	40012	3
30222	40314	40143	3
30223	40151	40073	3
30224	40246	40117	3
30225	40323	40091	3
30226	40313	40312	3
30227	40165	40391	3
30228	40180	40289	3
30229	40013	40228	3
30230	40261	40169	3
30231	40301	40219	3
30232	40341	40345	3
30233	40335	40327	3
30234	40232	40003	3
30235	40352	40041	3
30236	40171	40075	3
30237	40225	40197	3
30238	40440	40429	3
30239	40251	40032	3
30240	40418	40005	3
30241	40396	40022	3
30242	40199	40309	3
30243	40076	40185	3
30244	40420	40076	3
30245	40298	40334	3
30246	40339	40408	3
30247	40317	40142	3
30248	40239	40243	3
30249	40108	40123	3
30250	40393	40053	3
30251	40184	40319	3
30252	40371	40316	3
30253	40350	40373	3
30254	40214	40311	3
30255	40379	40432	3
30256	40030	40127	3
30257	40392	40137	3
30258	40044	40172	3
30259	40433	40237	3
30260	40301	40112	3
30261	40021	40108	3
30262	40167	40234	3
30263	40198	40394	3
30264	40410	40448	3
30265	40137	40096	3
30266	40435	40228	3
30267	40197	40373	3
30268	40433	40402	3
30269	40384	40367	3
30270	40091	40156	3
30271	40028	40304	3
30272	40330	40093	3
30273	40334	40121	3
30274	40399	40355	3
30275	40361	40009	3
30276	40100	40386	3
30277	40386	40449	3
30278	40141	40299	3
30279	40046	40172	3
30280	40340	40399	3
30281	40230	40192	3
30282	40214	40140	3
30283	40198	40039	3
30284	40125	40306	3
30285	40306	40123	3
30286	40350	40412	3
30287	40286	40297	3
30288	40287	40313	3
30289	40385	40300	3
30290	40259	40255	3
30291	40291	40177	3
30292	40063	40255	3
30293	40318	40072	3
30294	40360	40092	3
30295	40011	40157	3
30296	40215	40382	3
30297	40038	40410	3
30298	40081	40039	3
30299	40314	40184	3
30300	40416	40444	3
30301	40120	40178	3
30302	40215	40001	3
30303	40001	40343	3
30304	40072	40430	3
30305	40111	40436	3
30306	40424	40010	3
30307	40046	40108	3
30308	40094	40016	3
30309	40093	40048	3
30310	40090	40384	3
30311	40155	40016	3
30312	40190	40143	3
30313	40431	40299	3
30314	40292	40048	3
30315	40033	40052	3
30316	40424	40022	3
30317	40276	40222	3
30318	40212	40096	3
30319	40277	40029	3
30320	40403	40332	3
30321	40384	40396	3
30322	40219	40327	3
30323	40302	40062	3
30324	40265	40267	3
30325	40390	40385	3
30326	40313	40238	3
30327	40330	40295	3
30328	40214	40160	3
30329	40352	40422	3
30330	40411	40016	3
30331	40301	40294	3
30332	40062	40442	3
30333	40205	40111	3
30334	40123	40029	3
30335	40211	40340	3
30336	40119	40112	3
30337	40269	40089	3
30338	40107	40164	3
30339	40292	40155	3
30340	40232	40032	3
30341	40232	40078	3
30342	40224	40439	3
30343	40415	40342	3
30344	40384	40418	3
30345	40235	40096	3
30346	40231	40212	3
30347	40312	40073	3
30348	40230	40155	3
30349	40420	40357	3
30350	40049	40105	3
30351	40214	40266	3
30352	40061	40348	3
30353	40087	40016	3
30354	40441	40052	3
30355	40351	40060	3
30356	40077	40201	3
30357	40029	40398	3
30358	40408	40072	3
30359	40292	40116	3
30360	40073	40163	3
30361	40137	40365	3
30362	40191	40356	3
30363	40103	40089	3
30364	40257	40058	3
30365	40365	40228	3
30366	40190	40108	3
30367	40107	40022	3
30368	40230	40120	3
30369	40350	40376	3
30370	40306	40302	3
30371	40052	40415	3
30372	40180	40428	3
30373	40185	40347	3
30374	40074	40256	3
30375	40105	40381	3
30376	40247	40316	3
30377	40269	40067	3
30378	40145	40014	3
30379	40297	40239	3
30380	40186	40170	3
30381	40038	40139	3
30382	40210	40301	3
30383	40209	40307	3
30384	40055	40158	3
30385	40243	40175	3
30386	40142	40199	3
30387	40108	40051	3
30388	40124	40035	3
30389	40388	40308	3
30390	40210	40019	3
30391	40243	40380	3
30392	40408	40266	3
30393	40272	40439	3
30394	40437	40089	3
30395	40342	40072	3
30396	40178	40120	3
30397	40310	40118	3
30398	40317	40411	3
30399	40204	40063	3
30400	40264	40326	3
30401	40118	40258	3
30402	40104	40318	3
30403	40427	40412	3
30404	40176	40303	3
30405	40146	40404	3
30406	40449	40257	3
30407	40447	40428	3
30408	40314	40383	3
30409	40169	40181	3
30410	40012	40262	3
30411	40064	40330	3
30412	40115	40266	3
30413	40309	40101	3
30414	40350	40363	3
30415	40107	40098	3
30416	40089	40124	3
30417	40196	40011	3
30418	40191	40190	3
30419	40435	40131	3
30420	40049	40014	3
30421	40048	40423	3
30422	40095	40130	3
30423	40245	40290	3
30424	40111	40327	3
30425	40048	40321	3
30426	40215	40297	3
30427	40096	40227	3
30428	40225	40024	3
30429	40286	40254	3
30430	40189	40432	3
30431	40382	40292	3
30432	40218	40434	3
30433	40007	40316	3
30434	40202	40043	3
30435	40087	40171	3
30436	40324	40383	3
30437	40177	40265	3
30438	40004	40273	3
30439	40206	40176	3
30440	40118	40268	3
30441	40263	40217	3
30442	40282	40094	3
30443	40230	40226	3
30444	40112	40392	3
30445	40309	40356	3
30446	40077	40353	3
30447	40231	40312	3
30448	40444	40398	3
30449	40112	40216	3
30450	40406	40306	3
30451	40189	40082	3
30452	40204	40028	3
30453	40296	40056	3
30454	40339	40124	3
30455	40400	40232	3
30456	40060	40432	3
30457	40378	40331	3
30458	40032	40348	3
30459	40063	40107	3
30460	40434	40035	3
30461	40386	40195	3
30462	40032	40155	3
30463	40129	40252	3
30464	40123	40342	3
30465	40031	40306	3
30466	40149	40189	3
30467	40026	40429	3
30468	40140	40277	3
30469	40017	40361	3
30470	40198	40201	3
30471	40314	40298	3
30472	40036	40007	3
30473	40432	40069	3
30474	40172	40361	3
30475	40342	40402	3
30476	40147	40079	3
30477	40005	40174	3
30478	40392	40277	3
30479	40149	40294	3
30480	40406	40140	3
30481	40153	40056	3
30482	40385	40383	3
30483	40030	40325	3
30484	40187	40094	3
30485	40260	40121	3
30486	40275	40374	3
30487	40354	40332	3
30488	40160	40183	3
30489	40187	40146	3
30490	40299	40004	3
30491	40404	40334	3
30492	40229	40237	3
30493	40317	40005	3
30494	40381	40141	3
30495	40090	40286	3
30496	40390	40289	3
30497	40290	40195	3
30498	40122	40136	3
30499	40263	40230	3
30500	40097	40332	3
30501	40390	40439	3
30502	40234	40283	3
30503	40218	40443	3
30504	40062	40359	3
30505	40273	40022	3
30506	40137	40431	3
30507	40047	40224	3
30508	40212	40287	3
30509	40286	40244	3
30510	40438	40402	3
30511	40020	40342	3
30512	40339	40221	3
30513	40354	40056	3
30514	40415	40173	3
30515	40387	40018	3
30516	40354	40181	3
30517	40393	40040	3
30518	40038	40097	3
30519	40037	40332	3
30520	40352	40402	3
30521	40170	40035	3
30522	40257	40308	3
30523	40275	40279	3
30524	40303	40248	3
30525	40100	40085	3
30526	40386	40359	3
30527	40122	40023	3
30528	40118	40114	3
30529	40409	40300	3
30530	40176	40017	3
30531	40006	40225	3
30532	40035	40174	3
30533	40357	40351	3
30534	40366	40385	3
30535	40034	40045	3
30536	40058	40305	3
30537	40037	40004	3
30538	40393	40055	3
30539	40344	40286	3
30540	40416	40098	3
30541	40025	40132	3
30542	40024	40404	3
30543	40035	40102	3
30544	40336	40046	3
30545	40249	40439	3
30546	40100	40378	3
30547	40218	40276	3
30548	40405	40400	3
40001	50322	50171	4
40002	50179	50152	4
40003	50058	50117	4
40004	50085	50323	4
40005	50003	50022	4
40006	50097	50239	4
40007	50342	50252	4
40008	50296	50181	4
40009	50269	50281	4
40010	50102	50190	4
40011	50201	50117	4
40012	50269	50070	4
40013	50171	50331	4
40014	50310	50056	4
40015	50170	50199	4
40016	50308	50345	4
40017	50217	50005	4
40018	50129	50324	4
40019	50138	50102	4
40020	50166	50120	4
40021	50196	50286	4
40022	50217	50237	4
40023	50150	50166	4
40024	50342	50012	4
40025	50073	50126	4
40026	50160	50024	4
40027	50069	50333	4
40028	50142	50340	4
40029	50105	50241	4
40030	50262	50316	4
40031	50285	50233	4
40032	50158	50223	4
40033	50184	50084	4
40034	50169	50192	4
40035	50128	50261	4
40036	50143	50188	4
40037	50101	50053	4
40038	50028	50189	4
40039	50042	50048	4
40040	50358	50337	4
40041	50113	50310	4
40042	50357	50014	4
40043	50294	50079	4
40044	50170	50326	4
40045	50346	50076	4
40046	50128	50330	4
40047	50075	50074	4
40048	50029	50362	4
40049	50126	50174	4
40050	50178	50199	4
40051	50096	50352	4
40052	50312	50103	4
40053	50351	50073	4
40054	50083	50077	4
40055	50220	50214	4
40056	50057	50151	4
40057	50017	50158	4
40058	50184	50351	4
40059	50112	50244	4
40060	50331	50206	4
40061	50309	50264	4
40062	50102	50170	4
40063	50203	50202	4
40064	50153	50257	4
40065	50138	50104	4
40066	50104	50359	4
40067	50034	50295	4
40068	50189	50261	4
40069	50129	50152	4
40070	50149	50320	4
40071	50246	50069	4
40072	50086	50076	4
40073	50021	50177	4
40074	50279	50231	4
40075	50156	50360	4
40076	50258	50216	4
40077	50275	50315	4
40078	50288	50100	4
40079	50059	50139	4
40080	50016	50276	4
40081	50156	50355	4
40082	50292	50254	4
40083	50133	50353	4
40084	50129	50112	4
40085	50259	50200	4
40086	50255	50144	4
40087	50256	50079	4
40088	50365	50275	4
40089	50193	50252	4
40090	50251	50112	4
40091	50160	50148	4
40092	50156	50105	4
40093	50169	50088	4
40094	50110	50249	4
40095	50229	50315	4
40096	50077	50104	4
40097	50163	50326	4
40098	50134	50127	4
40099	50177	50255	4
40100	50066	50122	4
40101	50339	50214	4
40102	50046	50038	4
40103	50317	50213	4
40104	50266	50145	4
40105	50267	50289	4
40106	50274	50018	4
40107	50068	50032	4
40108	50130	50032	4
40109	50164	50155	4
40110	50096	50326	4
40111	50260	50013	4
40112	50271	50042	4
40113	50222	50323	4
40114	50091	50085	4
40115	50017	50367	4
40116	50315	50114	4
40117	50077	50269	4
40118	50141	50297	4
40119	50056	50157	4
40120	50146	50025	4
40121	50329	50284	4
40122	50315	50350	4
40123	50173	50126	4
40124	50032	50013	4
40125	50084	50090	4
40126	50084	50138	4
40127	50065	50217	4
40128	50244	50308	4
40129	50363	50127	4
40130	50341	50348	4
40131	50027	50091	4
40132	50162	50337	4
40133	50361	50315	4
40134	50233	50225	4
40135	50161	50328	4
40136	50198	50218	4
40137	50349	50005	4
40138	50337	50143	4
40139	50164	50077	4
40140	50331	50337	4
40141	50218	50232	4
40142	50331	50049	4
40143	50173	50038	4
40144	50265	50014	4
40145	50158	50348	4
40146	50098	50127	4
40147	50227	50024	4
40148	50261	50038	4
40149	50285	50037	4
40150	50074	50193	4
40151	50065	50198	4
40152	50352	50349	4
40153	50149	50366	4
40154	50030	50287	4
40155	50100	50183	4
40156	50019	50152	4
40157	50045	50299	4
40158	50006	50049	4
40159	50307	50217	4
40160	50292	50253	4
40161	50300	50012	4
40162	50249	50111	4
40163	50086	50176	4
40164	50008	50076	4
40165	50061	50220	4
40166	50205	50296	4
40167	50270	50196	4
40168	50359	50215	4
40169	50079	50228	4
40170	50145	50108	4
40171	50230	50076	4
40172	50004	50092	4
40173	50292	50206	4
40174	50177	50190	4
40175	50067	50282	4
40176	50351	50070	4
40177	50335	50207	4
40178	50139	50173	4
40179	50250	50116	4
40180	50177	50061	4
40181	50265	50333	4
40182	50205	50039	4
40183	50136	50129	4
40184	50260	50047	4
40185	50237	50056	4
40186	50348	50163	4
40187	50108	50241	4
40188	50043	50088	4
40189	50164	50204	4
40190	50192	50001	4
40191	50020	50026	4
40192	50223	50294	4
40193	50035	50175	4
40194	50306	50016	4
40195	50309	50320	4
40196	50136	50350	4
40197	50118	50271	4
40198	50075	50067	4
40199	50243	50242	4
40200	50350	50229	4
40201	50015	50205	4
40202	50333	50047	4
40203	50205	50163	4
40204	50072	50234	4
40205	50033	50007	4
40206	50272	50313	4
40207	50039	50358	4
40208	50117	50054	4
40209	50039	50142	4
40210	50362	50241	4
40211	50050	50160	4
40212	50215	50206	4
40213	50281	50179	4
40214	50297	50102	4
40215	50074	50017	4
40216	50135	50337	4
40217	50221	50020	4
40218	50043	50044	4
40219	50192	50264	4
40220	50025	50142	4
40221	50227	50328	4
40222	50331	50362	4
40223	50117	50210	4
40224	50210	50034	4
40225	50259	50008	4
40226	50234	50231	4
40227	50008	50046	4
40228	50083	50018	4
40229	50357	50193	4
40230	50317	50125	4
40231	50258	50253	4
40232	50153	50319	4
40233	50213	50051	4
40234	50061	50218	4
40235	50281	50156	4
40236	50103	50063	4
40237	50258	50097	4
40238	50341	50095	4
40239	50171	50199	4
40240	50143	50100	4
40241	50347	50113	4
40242	50133	50308	4
40243	50079	50146	4
40244	50146	50022	4
40245	50099	50084	4
40246	50184	50172	4
40247	50094	50353	4
40248	50048	50210	4
40249	50041	50195	4
40250	50006	50092	4
40251	50262	50312	4
40252	50044	50304	4
40253	50125	50072	4
40254	50138	50236	4
40255	50197	50170	4
40256	50257	50278	4
40257	50275	50032	4
40258	50093	50345	4
40259	50334	50156	4
40260	50034	50025	4
40261	50238	50260	4
40262	50278	50034	4
40263	50152	50197	4
40264	50148	50200	4
40265	50206	50271	4
40266	50058	50232	4
40267	50041	50138	4
40268	50167	50026	4
40269	50335	50055	4
40270	50055	50169	4
40271	50295	50030	4
40272	50103	50120	4
40273	50080	50306	4
40274	50050	50234	4
40275	50345	50154	4
40276	50173	50337	4
40277	50312	50142	4
40278	50066	50320	4
40279	50202	50185	4
40280	50108	50045	4
40281	50071	50205	4
40282	50046	50337	4
40283	50154	50271	4
40284	50136	50095	4
40285	50188	50259	4
40286	50287	50326	4
40287	50264	50031	4
40288	50361	50156	4
40289	50068	50298	4
40290	50023	50194	4
40291	50340	50109	4
40292	50120	50184	4
40293	50262	50270	4
40294	50346	50244	4
40295	50118	50260	4
40296	50271	50085	4
40297	50016	50329	4
40298	50340	50300	4
40299	50118	50182	4
40300	50279	50269	4
40301	50190	50306	4
40302	50031	50117	4
40303	50180	50152	4
40304	50051	50037	4
40305	50151	50147	4
40306	50155	50129	4
40307	50083	50007	4
40308	50084	50188	4
40309	50107	50288	4
40310	50195	50016	4
40311	50085	50103	4
40312	50291	50255	4
40313	50145	50036	4
40314	50064	50330	4
40315	50358	50155	4
40316	50112	50108	4
40317	50098	50323	4
40318	50200	50212	4
40319	50257	50121	4
40320	50078	50107	4
40321	50353	50069	4
40322	50088	50092	4
40323	50312	50212	4
40324	50327	50151	4
40325	50200	50048	4
40326	50127	50012	4
40327	50356	50022	4
40328	50001	50146	4
40329	50331	50175	4
40330	50010	50064	4
40331	50151	50137	4
40332	50119	50105	4
40333	50211	50229	4
40334	50266	50153	4
40335	50104	50058	4
40336	50207	50213	4
40337	50316	50244	4
40338	50170	50292	4
40339	50008	50010	4
40340	50129	50269	4
40341	50116	50285	4
40342	50173	50245	4
40343	50333	50159	4
40344	50248	50246	4
40345	50199	50170	4
40346	50245	50278	4
40347	50105	50296	4
40348	50195	50100	4
40349	50026	50314	4
40350	50032	50346	4
40351	50095	50338	4
40352	50219	50316	4
40353	50152	50272	4
40354	50139	50290	4
40355	50319	50116	4
40356	50083	50364	4
40357	50314	50257	4
40358	50142	50263	4
40359	50220	50291	4
40360	50107	50267	4
40361	50009	50182	4
40362	50141	50179	4
40363	50245	50097	4
40364	50086	50325	4
40365	50278	50067	4
40366	50157	50320	4
40367	50198	50028	4
40368	50200	50361	4
40369	50258	50221	4
40370	50331	50170	4
40371	50303	50256	4
40372	50117	50357	4
40373	50270	50159	4
40374	50208	50105	4
40375	50213	50031	4
40376	50119	50145	4
40377	50324	50122	4
40378	50153	50164	4
40379	50243	50353	4
40380	50231	50171	4
40381	50019	50084	4
40382	50248	50302	4
40383	50241	50182	4
40384	50251	50334	4
40385	50122	50268	4
40386	50272	50211	4
40387	50316	50209	4
40388	50074	50302	4
40389	50248	50322	4
40390	50101	50154	4
40391	50108	50153	4
40392	50083	50046	4
40393	50039	50134	4
40394	50252	50343	4
40395	50365	50071	4
40396	50200	50276	4
40397	50045	50351	4
40398	50220	50205	4
40399	50090	50242	4
40400	50119	50251	4
40401	50312	50212	4
40402	50101	50239	4
40403	50165	50358	4
40404	50030	50357	4
40405	50240	50316	4
40406	50165	50036	4
40407	50218	50211	4
40408	50230	50091	4
40409	50158	50112	4
40410	50190	50049	4
40411	50001	50254	4
40412	50304	50016	4
40413	50244	50138	4
40414	50142	50310	4
40415	50124	50076	4
40416	50327	50176	4
40417	50259	50269	4
40418	50297	50320	4
40419	50011	50061	4
40420	50217	50066	4
40421	50027	50202	4
40422	50084	50294	4
40423	50177	50037	4
40424	50098	50022	4
40425	50145	50047	4
40426	50127	50228	4
40427	50090	50023	4
40428	50151	50249	4
40429	50172	50181	4
40430	50346	50227	4
40431	50111	50363	4
40432	50340	50278	4
40433	50169	50032	4
40434	50243	50158	4
40435	50112	50199	4
40436	50123	50106	4
40437	50209	50059	4
40438	50142	50254	4
40439	50112	50303	4
40440	50004	50084	4
40441	50198	50132	4
40442	50071	50254	4
40443	50139	50047	4
40444	50307	50225	4
40445	50305	50106	4
40446	50267	50015	4
40447	50157	50308	4
40448	50262	50297	4
40449	50124	50143	4
50001	60128	60007	5
50002	60110	60109	5
50003	60243	60074	5
50004	60033	60099	5
50005	60290	60236	5
50006	60039	60183	5
50007	60248	60005	5
50008	60181	60051	5
50009	60148	60184	5
50010	60188	60256	5
50011	60227	60250	5
50012	60046	60056	5
50013	60144	60282	5
50014	60083	60169	5
50015	60298	60252	5
50016	60275	60253	5
50017	60181	60006	5
50018	60111	60176	5
50019	60286	60054	5
50020	60252	60263	5
50021	60170	60241	5
50022	60064	60062	5
50023	60168	60054	5
50024	60033	60256	5
50025	60229	60041	5
50026	60216	60299	5
50027	60285	60288	5
50028	60141	60088	5
50029	60127	60294	5
50030	60202	60116	5
50031	60286	60055	5
50032	60140	60067	5
50033	60044	60046	5
50034	60162	60269	5
50035	60154	60038	5
50036	60264	60210	5
50037	60216	60051	5
50038	60271	60067	5
50039	60030	60059	5
50040	60237	60155	5
50041	60301	60250	5
50042	60022	60005	5
50043	60124	60052	5
50044	60003	60162	5
50045	60252	60003	5
50046	60123	60169	5
50047	60103	60143	5
50048	60023	60157	5
50049	60186	60188	5
50050	60136	60278	5
50051	60112	60155	5
50052	60276	60249	5
50053	60170	60274	5
50054	60275	60278	5
50055	60001	60190	5
50056	60119	60130	5
50057	60128	60105	5
50058	60205	60266	5
50059	60031	60228	5
50060	60241	60267	5
50061	60295	60156	5
50062	60187	60167	5
50063	60270	60055	5
50064	60087	60130	5
50065	60030	60003	5
50066	60078	60247	5
50067	60060	60191	5
50068	60082	60174	5
50069	60219	60038	5
50070	60082	60091	5
50071	60160	60190	5
50072	60154	60058	5
50073	60277	60003	5
50074	60214	60274	5
50075	60100	60117	5
50076	60274	60211	5
50077	60206	60200	5
50078	60019	60101	5
50079	60114	60020	5
50080	60290	60032	5
50081	60263	60186	5
50082	60056	60223	5
50083	60018	60206	5
50084	60056	60158	5
50085	60048	60014	5
50086	60245	60248	5
50087	60150	60293	5
50088	60221	60099	5
50089	60033	60127	5
50090	60206	60104	5
50091	60157	60068	5
50092	60012	60294	5
50093	60202	60031	5
50094	60131	60069	5
50095	60225	60068	5
50096	60120	60070	5
50097	60299	60301	5
50098	60075	60234	5
50099	60118	60101	5
50100	60069	60091	5
50101	60279	60231	5
50102	60230	60136	5
50103	60166	60061	5
50104	60203	60041	5
50105	60293	60185	5
50106	60045	60070	5
50107	60285	60049	5
50108	60078	60019	5
50109	60025	60090	5
50110	60108	60255	5
50111	60144	60093	5
50112	60279	60136	5
50113	60021	60117	5
50114	60222	60246	5
50115	60145	60148	5
50116	60199	60092	5
50117	60210	60110	5
50118	60076	60175	5
50119	60171	60079	5
50120	60088	60013	5
50121	60246	60034	5
50122	60286	60124	5
50123	60205	60121	5
50124	60200	60004	5
50125	60029	60152	5
50126	60278	60121	5
50127	60251	60041	5
50128	60074	60169	5
50129	60153	60201	5
50130	60300	60137	5
50131	60045	60144	5
50132	60079	60004	5
50133	60154	60234	5
50134	60027	60078	5
50135	60297	60063	5
50136	60091	60043	5
50137	60127	60071	5
50138	60102	60081	5
50139	60244	60150	5
50140	60238	60021	5
50141	60147	60093	5
50142	60053	60249	5
50143	60262	60257	5
50144	60270	60090	5
50145	60031	60002	5
50146	60011	60281	5
50147	60046	60141	5
50148	60021	60142	5
50149	60175	60202	5
50150	60139	60278	5
50151	60206	60095	5
50152	60007	60115	5
50153	60226	60154	5
50154	60100	60009	5
50155	60232	60098	5
50156	60066	60286	5
50157	60069	60107	5
50158	60064	60107	5
50159	60169	60201	5
50160	60003	60087	5
50161	60118	60214	5
50162	60216	60144	5
50163	60291	60255	5
50164	60261	60112	5
50165	60193	60067	5
50166	60086	60287	5
50167	60233	60172	5
50168	60196	60103	5
50169	60202	60001	5
50170	60150	60180	5
50171	60193	60260	5
50172	60251	60101	5
50173	60122	60289	5
50174	60094	60104	5
50175	60042	60177	5
50176	60193	60267	5
50177	60200	60174	5
50178	60045	60090	5
50179	60231	60055	5
50180	60165	60224	5
50181	60040	60251	5
50182	60167	60171	5
50183	60227	60202	5
50184	60227	60269	5
50185	60182	60287	5
50186	60001	60084	5
50187	60123	60290	5
50188	60243	60268	5
50189	60145	60260	5
50190	60157	60076	5
50191	60023	60122	5
50192	60164	60054	5
50193	60246	60147	5
50194	60086	60214	5
50195	60121	60005	5
50196	60157	60215	5
50197	60064	60089	5
50198	60253	60108	5
50199	60283	60184	5
50200	60296	60100	5
50201	60028	60042	5
50202	60180	60102	5
50203	60235	60037	5
50204	60200	60192	5
50205	60019	60278	5
50206	60281	60272	5
50207	60025	60121	5
50208	60008	60132	5
50209	60241	60266	5
50210	60166	60067	5
50211	60239	60234	5
50212	60250	60162	5
50213	60174	60256	5
50214	60059	60072	5
50215	60257	60079	5
50216	60300	60021	5
50217	60280	60150	5
50218	60184	60159	5
50219	60005	60035	5
50220	60087	60259	5
50221	60058	60086	5
50222	60283	60044	5
50223	60238	60069	5
50224	60211	60185	5
50225	60044	60167	5
50226	60142	60051	5
50227	60259	60080	5
50228	60205	60056	5
50229	60235	60211	5
50230	60282	60054	5
50231	60216	60264	5
50232	60002	60267	5
50233	60261	60299	5
50234	60088	60153	5
50235	60167	60215	5
50236	60282	60292	5
50237	60186	60118	5
50238	60021	60189	5
50239	60004	60217	5
50240	60149	60058	5
50241	60080	60088	5
50242	60018	60005	5
50243	60105	60129	5
50244	60089	60092	5
50245	60176	60123	5
50246	60206	60002	5
50247	60252	60031	5
50248	60255	60295	5
50249	60244	60188	5
50250	60220	60062	5
50251	60019	60025	5
50252	60095	60097	5
50253	60036	60104	5
50254	60148	60191	5
50255	60025	60234	5
50256	60195	60232	5
50257	60010	60284	5
50258	60164	60086	5
50259	60242	60175	5
50260	60086	60039	5
50261	60180	60291	5
50262	60250	60017	5
50263	60100	60248	5
50264	60206	60088	5
50265	60218	60279	5
50266	60088	60272	5
50267	60283	60251	5
50268	60244	60059	5
50269	60161	60238	5
50270	60049	60298	5
50271	60100	60098	5
50272	60009	60120	5
50273	60157	60159	5
50274	60068	60248	5
50275	60237	60296	5
50276	60157	60269	5
50277	60143	60012	5
50278	60021	60074	5
50279	60075	60219	5
50280	60068	60071	5
50281	60138	60001	5
50282	60269	60227	5
50283	60099	60195	5
50284	60188	60176	5
50285	60230	60181	5
50286	60210	60159	5
50287	60097	60159	5
50288	60175	60192	5
50289	60182	60248	5
50290	60156	60243	5
50291	60042	60276	5
50292	60152	60008	5
50293	60210	60026	5
50294	60045	60232	5
50295	60052	60115	5
50296	60299	60292	5
50297	60192	60052	5
50298	60111	60016	5
50299	60041	60102	5
50300	60167	60021	5
50301	60180	60188	5
50302	60217	60119	5
50303	60040	60197	5
50304	60054	60189	5
50305	60057	60128	5
50306	60022	60277	5
50307	60133	60008	5
50308	60140	60171	5
50309	60249	60131	5
50310	60082	60282	5
50311	60169	60136	5
50312	60043	60131	5
50313	60054	60189	5
50314	60141	60268	5
50315	60022	60235	5
50316	60034	60033	5
50317	60188	60108	5
50318	60008	60175	5
50319	60028	60292	5
50320	60249	60021	5
50321	60104	60043	5
50322	60299	60112	5
50323	60174	60093	5
50324	60001	60194	5
50325	60016	60213	5
50326	60010	60049	5
50327	60029	60220	5
50328	60254	60113	5
50329	60227	60009	5
50330	60293	60260	5
50331	60156	60284	5
50332	60266	60201	5
50333	60271	60042	5
50334	60296	60227	5
50335	60006	60173	5
50336	60144	60284	5
50337	60278	60002	5
50338	60184	60012	5
50339	60091	60274	5
50340	60223	60005	5
50341	60035	60180	5
50342	60089	60146	5
50343	60281	60040	5
50344	60180	60258	5
50345	60019	60236	5
50346	60262	60120	5
50347	60019	60241	5
50348	60047	60153	5
50349	60252	60211	5
50350	60129	60204	5
50351	60023	60101	5
50352	60022	60034	5
50353	60012	60037	5
50354	60038	60009	5
50355	60089	60281	5
50356	60154	60098	5
50357	60264	60266	5
50358	60138	60167	5
50359	60207	60004	5
50360	60050	60272	5
50361	60134	60018	5
50362	60191	60002	5
50363	60013	60212	5
50364	60133	60252	5
50365	60173	60197	5
50366	60038	60164	5
50367	60250	60248	5
60001	70081	70190	6
60002	70122	70147	6
60003	70012	70078	6
60004	70077	70042	6
60005	70064	70151	6
60006	70209	70135	6
60007	70161	70169	6
60008	70222	70029	6
60009	70148	70231	6
60010	70007	70123	6
60011	70022	70126	6
60012	70149	70244	6
60013	70112	70110	6
60014	70240	70072	6
60015	70117	70119	6
60016	70145	70161	6
60017	70197	70149	6
60018	70222	70165	6
60019	70163	70116	6
60020	70030	70144	6
60021	70142	70124	6
60022	70028	70047	6
60023	70200	70191	6
60024	70182	70119	6
60025	70188	70113	6
60026	70093	70032	6
60027	70038	70234	6
60028	70040	70002	6
60029	70197	70176	6
60030	70170	70044	6
60031	70086	70132	6
60032	70147	70088	6
60033	70038	70180	6
60034	70181	70159	6
60035	70108	70208	6
60036	70242	70150	6
60037	70037	70055	6
60038	70003	70099	6
60039	70075	70023	6
60040	70125	70106	6
60041	70185	70016	6
60042	70005	70118	6
60043	70237	70246	6
60044	70165	70048	6
60045	70067	70101	6
60046	70028	70231	6
60047	70129	70043	6
60048	70145	70020	6
60049	70152	70057	6
60050	70151	70112	6
60051	70126	70198	6
60052	70200	70155	6
60053	70057	70149	6
60054	70180	70085	6
60055	70220	70011	6
60056	70085	70063	6
60057	70089	70096	6
60058	70228	70008	6
60059	70184	70143	6
60060	70226	70154	6
60061	70039	70210	6
60062	70215	70142	6
60063	70147	70103	6
60064	70063	70193	6
60065	70186	70151	6
60066	70229	70032	6
60067	70212	70164	6
60068	70228	70193	6
60069	70208	70101	6
60070	70101	70222	6
60071	70216	70100	6
60072	70053	70244	6
60073	70238	70011	6
60074	70175	70150	6
60075	70126	70157	6
60076	70161	70032	6
60077	70094	70184	6
60078	70011	70180	6
60079	70176	70125	6
60080	70227	70002	6
60081	70097	70220	6
60082	70025	70179	6
60083	70131	70078	6
60084	70016	70038	6
60085	70012	70185	6
60086	70002	70008	6
60087	70171	70240	6
60088	70168	70108	6
60089	70112	70131	6
60090	70083	70187	6
60091	70094	70227	6
60092	70152	70164	6
60093	70086	70019	6
60094	70030	70034	6
60095	70019	70009	6
60096	70061	70114	6
60097	70132	70145	6
60098	70103	70090	6
60099	70043	70050	6
60100	70086	70230	6
60101	70068	70079	6
60102	70008	70168	6
60103	70123	70013	6
60104	70228	70209	6
60105	70122	70013	6
60106	70214	70119	6
60107	70207	70197	6
60108	70038	70183	6
60109	70103	70231	6
60110	70224	70041	6
60111	70164	70119	6
60112	70223	70123	6
60113	70206	70246	6
60114	70013	70245	6
60115	70065	70025	6
60116	70179	70095	6
60117	70011	70040	6
60118	70180	70142	6
60119	70224	70171	6
60120	70077	70113	6
60121	70225	70208	6
60122	70050	70046	6
60123	70025	70001	6
60124	70098	70123	6
60125	70042	70061	6
60126	70012	70068	6
60127	70045	70208	6
60128	70154	70111	6
60129	70031	70188	6
60130	70063	70119	6
60131	70231	70062	6
60132	70031	70219	6
60133	70019	70241	6
60134	70209	70071	6
60135	70077	70139	6
60136	70085	70174	6
60137	70199	70182	6
60138	70123	70026	6
60139	70150	70019	6
60140	70163	70010	6
60141	70221	70187	6
60142	70216	70132	6
60143	70103	70138	6
60144	70092	70230	6
60145	70207	70229	6
60146	70132	70223	6
60147	70188	70038	6
60148	70216	70128	6
60149	70232	70030	6
60150	70011	70132	6
60151	70174	70178	6
60152	70161	70005	6
60153	70212	70093	6
60154	70065	70006	6
60155	70037	70015	6
60156	70188	70123	6
60157	70088	70077	6
60158	70086	70092	6
60159	70051	70042	6
60160	70001	70184	6
60161	70166	70223	6
60162	70205	70194	6
60163	70237	70003	6
60164	70015	70207	6
60165	70133	70192	6
60166	70019	70042	6
60167	70035	70033	6
60168	70184	70242	6
60169	70136	70104	6
60170	70160	70197	6
60171	70030	70123	6
60172	70168	70174	6
60173	70079	70190	6
60174	70135	70068	6
60175	70228	70196	6
60176	70242	70216	6
60177	70006	70196	6
60178	70197	70110	6
60179	70076	70203	6
60180	70191	70222	6
60181	70169	70219	6
60182	70065	70069	6
60183	70205	70234	6
60184	70230	70009	6
60185	70039	70196	6
60186	70002	70070	6
60187	70026	70229	6
60188	70096	70146	6
60189	70121	70051	6
60190	70134	70245	6
60191	70117	70001	6
60192	70092	70094	6
60193	70046	70199	6
60194	70240	70129	6
60195	70082	70030	6
60196	70142	70215	6
60197	70046	70159	6
60198	70143	70069	6
60199	70236	70003	6
60200	70125	70214	6
60201	70167	70230	6
60202	70013	70011	6
60203	70209	70198	6
60204	70021	70232	6
60205	70119	70028	6
60206	70050	70149	6
60207	70238	70239	6
60208	70162	70157	6
60209	70157	70135	6
60210	70235	70129	6
60211	70062	70071	6
60212	70220	70148	6
60213	70196	70092	6
60214	70148	70043	6
60215	70050	70034	6
60216	70038	70221	6
60217	70154	70239	6
60218	70203	70238	6
60219	70197	70068	6
60220	70089	70050	6
60221	70029	70028	6
60222	70095	70122	6
60223	70150	70106	6
60224	70017	70056	6
60225	70231	70199	6
60226	70171	70118	6
60227	70102	70041	6
60228	70119	70014	6
60229	70219	70228	6
60230	70034	70002	6
60231	70083	70099	6
60232	70057	70147	6
60233	70145	70156	6
60234	70216	70137	6
60235	70190	70161	6
60236	70028	70090	6
60237	70026	70180	6
60238	70163	70012	6
60239	70142	70242	6
60240	70041	70023	6
60241	70105	70089	6
60242	70013	70035	6
60243	70111	70173	6
60244	70227	70017	6
60245	70130	70100	6
60246	70202	70236	6
60247	70158	70130	6
60248	70239	70174	6
60249	70097	70172	6
60250	70019	70111	6
60251	70005	70164	6
60252	70232	70040	6
60253	70036	70244	6
60254	70125	70188	6
60255	70106	70195	6
60256	70178	70064	6
60257	70104	70128	6
60258	70204	70236	6
60259	70127	70210	6
60260	70152	70183	6
60261	70189	70219	6
60262	70205	70049	6
60263	70038	70145	6
60264	70233	70223	6
60265	70221	70201	6
60266	70244	70046	6
60267	70083	70158	6
60268	70126	70144	6
60269	70077	70198	6
60270	70223	70207	6
60271	70055	70232	6
60272	70102	70062	6
60273	70126	70068	6
60274	70043	70005	6
60275	70197	70145	6
60276	70246	70006	6
60277	70193	70051	6
60278	70212	70044	6
60279	70246	70108	6
60280	70080	70015	6
60281	70068	70181	6
60282	70150	70099	6
60283	70182	70187	6
60284	70128	70047	6
60285	70092	70140	6
60286	70188	70221	6
60287	70115	70075	6
60288	70111	70087	6
60289	70172	70071	6
60290	70072	70133	6
60291	70040	70055	6
60292	70155	70244	6
60293	70012	70114	6
60294	70128	70167	6
60295	70165	70138	6
60296	70042	70146	6
60297	70233	70037	6
60298	70061	70003	6
60299	70157	70118	6
60300	70216	70018	6
60301	70141	70144	6
70001	80106	80046	7
70002	80155	80153	7
70003	80132	80190	7
70004	80126	80172	7
70005	80106	80196	7
70006	80039	80093	7
70007	80034	80121	7
70008	80087	80042	7
70009	80189	80038	7
70010	80116	80201	7
70011	80116	80019	7
70012	80005	80022	7
70013	80078	80072	7
70014	80038	80153	7
70015	80098	80081	7
70016	80114	80081	7
70017	80178	80049	7
70018	80059	80085	7
70019	80091	80078	7
70020	80086	80032	7
70021	80150	80002	7
70022	80172	80185	7
70023	80189	80174	7
70024	80173	80046	7
70025	80132	80129	7
70026	80076	80095	7
70027	80001	80067	7
70028	80082	80028	7
70029	80195	80063	7
70030	80046	80016	7
70031	80071	80144	7
70032	80127	80051	7
70033	80173	80020	7
70034	80091	80137	7
70035	80165	80138	7
70036	80190	80165	7
70037	80016	80054	7
70038	80101	80095	7
70039	80097	80175	7
70040	80025	80145	7
70041	80138	80142	7
70042	80078	80072	7
70043	80014	80170	7
70044	80098	80178	7
70045	80110	80130	7
70046	80083	80063	7
70047	80003	80151	7
70048	80073	80118	7
70049	80082	80052	7
70050	80031	80129	7
70051	80086	80058	7
70052	80134	80118	7
70053	80178	80179	7
70054	80094	80048	7
70055	80147	80009	7
70056	80018	80092	7
70057	80159	80100	7
70058	80090	80163	7
70059	80116	80057	7
70060	80179	80016	7
70061	80081	80112	7
70062	80158	80104	7
70063	80102	80025	7
70064	80153	80145	7
70065	80148	80053	7
70066	80002	80201	7
70067	80025	80035	7
70068	80081	80022	7
70069	80178	80077	7
70070	80091	80113	7
70071	80001	80121	7
70072	80113	80101	7
70073	80126	80122	7
70074	80023	80028	7
70075	80167	80041	7
70076	80108	80180	7
70077	80015	80196	7
70078	80157	80097	7
70079	80160	80003	7
70080	80076	80158	7
70081	80097	80046	7
70082	80153	80047	7
70083	80037	80146	7
70084	80007	80002	7
70085	80120	80149	7
70086	80044	80156	7
70087	80054	80173	7
70088	80201	80196	7
70089	80077	80082	7
70090	80153	80030	7
70091	80133	80133	7
70092	80127	80033	7
70093	80008	80163	7
70094	80168	80192	7
70095	80057	80190	7
70096	80117	80199	7
70097	80091	80047	7
70098	80195	80021	7
70099	80030	80199	7
70100	80040	80187	7
70101	80160	80020	7
70102	80097	80159	7
70103	80082	80193	7
70104	80122	80189	7
70105	80121	80062	7
70106	80170	80022	7
70107	80165	80072	7
70108	80011	80093	7
70109	80005	80116	7
70110	80095	80119	7
70111	80077	80104	7
70112	80187	80118	7
70113	80100	80005	7
70114	80084	80108	7
70115	80018	80147	7
70116	80184	80113	7
70117	80186	80016	7
70118	80120	80034	7
70119	80170	80093	7
70120	80028	80031	7
70121	80096	80175	7
70122	80192	80108	7
70123	80085	80101	7
70124	80166	80194	7
70125	80062	80183	7
70126	80113	80016	7
70127	80189	80051	7
70128	80161	80151	7
70129	80122	80192	7
70130	80076	80056	7
70131	80139	80109	7
70132	80104	80007	7
70133	80050	80068	7
70134	80057	80149	7
70135	80007	80116	7
70136	80198	80069	7
70137	80085	80141	7
70138	80112	80161	7
70139	80122	80028	7
70140	80044	80190	7
70141	80162	80192	7
70142	80103	80141	7
70143	80166	80065	7
70144	80018	80130	7
70145	80098	80162	7
70146	80080	80009	7
70147	80180	80095	7
70148	80196	80175	7
70149	80159	80113	7
70150	80129	80071	7
70151	80163	80039	7
70152	80180	80024	7
70153	80190	80074	7
70154	80197	80045	7
70155	80130	80126	7
70156	80091	80094	7
70157	80105	80112	7
70158	80191	80038	7
70159	80011	80194	7
70160	80199	80177	7
70161	80121	80101	7
70162	80166	80002	7
70163	80014	80016	7
70164	80057	80110	7
70165	80102	80191	7
70166	80095	80107	7
70167	80179	80113	7
70168	80175	80005	7
70169	80018	80148	7
70170	80013	80049	7
70171	80167	80010	7
70172	80082	80005	7
70173	80041	80142	7
70174	80037	80151	7
70175	80161	80180	7
70176	80030	80076	7
70177	80119	80201	7
70178	80032	80190	7
70179	80171	80200	7
70180	80159	80135	7
70181	80176	80048	7
70182	80007	80169	7
70183	80072	80089	7
70184	80141	80055	7
70185	80107	80073	7
70186	80027	80174	7
70187	80139	80016	7
70188	80122	80010	7
70189	80040	80051	7
70190	80123	80020	7
70191	80082	80064	7
70192	80103	80022	7
70193	80060	80180	7
70194	80085	80186	7
70195	80047	80134	7
70196	80123	80065	7
70197	80081	80187	7
70198	80112	80040	7
70199	80074	80105	7
70200	80023	80124	7
70201	80010	80005	7
70202	80137	80193	7
70203	80123	80002	7
70204	80057	80035	7
70205	80147	80089	7
70206	80134	80029	7
70207	80188	80128	7
70208	80045	80068	7
70209	80033	80067	7
70210	80067	80142	7
70211	80036	80054	7
70212	80194	80030	7
70213	80094	80175	7
70214	80039	80168	7
70215	80114	80089	7
70216	80157	80192	7
70217	80005	80107	7
70218	80062	80081	7
70219	80081	80005	7
70220	80192	80150	7
70221	80167	80183	7
70222	80023	80013	7
70223	80123	80197	7
70224	80132	80066	7
70225	80100	80166	7
70226	80038	80021	7
70227	80087	80020	7
70228	80074	80075	7
70229	80023	80067	7
70230	80031	80088	7
70231	80125	80087	7
70232	80185	80163	7
70233	80064	80076	7
70234	80042	80109	7
70235	80079	80115	7
70236	80038	80123	7
70237	80116	80083	7
70238	80125	80167	7
70239	80062	80077	7
70240	80022	80175	7
70241	80008	80010	7
70242	80110	80126	7
70243	80106	80136	7
70244	80186	80095	7
70245	80051	80078	7
70246	80093	80090	7
80001	90126	90005	8
80002	90151	90133	8
80003	90131	90036	8
80004	90129	90165	8
80005	90165	90062	8
80006	90057	90035	8
80007	90165	90097	8
80008	90104	90019	8
80009	90078	90100	8
80010	90004	90100	8
80011	90018	90123	8
80012	90026	90157	8
80013	90097	90023	8
80014	90061	90113	8
80015	90027	90016	8
80016	90063	90021	8
80017	90114	90070	8
80018	90069	90051	8
80019	90020	90023	8
80020	90133	90110	8
80021	90108	90003	8
80022	90110	90100	8
80023	90054	90022	8
80024	90140	90095	8
80025	90017	90016	8
80026	90145	90063	8
80027	90149	90102	8
80028	90121	90078	8
80029	90062	90084	8
80030	90064	90090	8
80031	90042	90145	8
80032	90020	90126	8
80033	90040	90117	8
80034	90156	90036	8
80035	90110	90060	8
80036	90017	90076	8
80037	90127	90005	8
80038	90115	90087	8
80039	90005	90091	8
80040	90153	90122	8
80041	90004	90161	8
80042	90153	90131	8
80043	90101	90024	8
80044	90033	90001	8
80045	90069	90105	8
80046	90117	90109	8
80047	90063	90102	8
80048	90065	90123	8
80049	90096	90113	8
80050	90110	90041	8
80051	90086	90137	8
80052	90022	90132	8
80053	90084	90023	8
80054	90065	90017	8
80055	90077	90111	8
80056	90118	90050	8
80057	90128	90129	8
80058	90096	90145	8
80059	90002	90115	8
80060	90142	90002	8
80061	90050	90049	8
80062	90036	90064	8
80063	90141	90126	8
80064	90067	90106	8
80065	90097	90095	8
80066	90139	90093	8
80067	90029	90036	8
80068	90063	90128	8
80069	90149	90029	8
80070	90093	90049	8
80071	90012	90085	8
80072	90024	90069	8
80073	90087	90074	8
80074	90158	90051	8
80075	90152	90007	8
80076	90083	90093	8
80077	90071	90104	8
80078	90160	90066	8
80079	90081	90012	8
80080	90053	90091	8
80081	90154	90060	8
80082	90165	90108	8
80083	90053	90050	8
80084	90041	90033	8
80085	90013	90111	8
80086	90137	90093	8
80087	90033	90038	8
80088	90054	90083	8
80089	90039	90070	8
80090	90096	90130	8
80091	90065	90139	8
80092	90104	90070	8
80093	90117	90099	8
80094	90011	90012	8
80095	90100	90007	8
80096	90110	90151	8
80097	90026	90011	8
80098	90108	90048	8
80099	90069	90102	8
80100	90156	90074	8
80101	90055	90165	8
80102	90116	90156	8
80103	90057	90109	8
80104	90101	90058	8
80105	90070	90100	8
80106	90039	90160	8
80107	90062	90094	8
80108	90104	90151	8
80109	90012	90059	8
80110	90131	90003	8
80111	90077	90117	8
80112	90025	90124	8
80113	90096	90121	8
80114	90101	90075	8
80115	90015	90131	8
80116	90013	90060	8
80117	90110	90080	8
80118	90029	90111	8
80119	90096	90002	8
80120	90155	90110	8
80121	90085	90026	8
80122	90156	90124	8
80123	90149	90092	8
80124	90117	90064	8
80125	90157	90090	8
80126	90120	90100	8
80127	90025	90052	8
80128	90036	90065	8
80129	90035	90036	8
80130	90124	90056	8
80131	90012	90053	8
80132	90062	90055	8
80133	90018	90101	8
80134	90155	90020	8
80135	90114	90029	8
80136	90104	90096	8
80137	90076	90060	8
80138	90132	90123	8
80139	90115	90143	8
80140	90136	90110	8
80141	90100	90148	8
80142	90098	90098	8
80143	90080	90135	8
80144	90050	90138	8
80145	90152	90026	8
80146	90152	90037	8
80147	90050	90153	8
80148	90084	90137	8
80149	90120	90060	8
80150	90036	90084	8
80151	90073	90081	8
80152	90020	90100	8
80153	90020	90076	8
80154	90145	90031	8
80155	90116	90043	8
80156	90106	90159	8
80157	90162	90130	8
80158	90091	90042	8
80159	90107	90150	8
80160	90158	90124	8
80161	90088	90123	8
80162	90154	90024	8
80163	90068	90127	8
80164	90039	90143	8
80165	90090	90134	8
80166	90081	90081	8
80167	90022	90006	8
80168	90124	90067	8
80169	90035	90147	8
80170	90066	90053	8
80171	90095	90056	8
80172	90099	90007	8
80173	90165	90107	8
80174	90082	90157	8
80175	90025	90032	8
80176	90034	90013	8
80177	90028	90033	8
80178	90098	90159	8
80179	90116	90017	8
80180	90082	90089	8
80181	90010	90046	8
80182	90054	90002	8
80183	90140	90108	8
80184	90138	90057	8
80185	90099	90145	8
80186	90108	90094	8
80187	90059	90098	8
80188	90002	90031	8
80189	90028	90037	8
80190	90039	90126	8
80191	90066	90080	8
80192	90007	90080	8
80193	90075	90060	8
80194	90128	90079	8
80195	90138	90029	8
80196	90031	90059	8
80197	90120	90071	8
80198	90054	90074	8
80199	90137	90014	8
80200	90071	90014	8
80201	90106	90054	8
90113	0	0	9
90114	0	0	9
90115	0	0	9
90116	0	0	9
90117	0	0	9
90118	0	0	9
90120	0	0	9
90121	0	0	9
90122	0	0	9
90123	0	0	9
90124	0	0	9
90126	0	0	9
90127	0	0	9
90128	0	0	9
90129	0	0	9
90130	0	0	9
90131	0	0	9
90132	0	0	9
90133	0	0	9
90134	0	0	9
90135	0	0	9
90136	0	0	9
90137	0	0	9
90138	0	0	9
90139	0	0	9
90140	0	0	9
90141	0	0	9
90142	0	0	9
90143	0	0	9
90145	0	0	9
90147	0	0	9
90148	0	0	9
90149	0	0	9
90150	0	0	9
90151	0	0	9
90152	0	0	9
90153	0	0	9
90154	0	0	9
90155	0	0	9
90156	0	0	9
90157	0	0	9
90158	0	0	9
90159	0	0	9
90160	0	0	9
90161	0	0	9
90162	0	0	9
90165	0	0	9
90001	0	0	9
90002	0	0	9
90003	0	0	9
90004	0	0	9
90005	0	0	9
90006	0	0	9
90007	0	0	9
90010	0	0	9
90011	0	0	9
90012	0	0	9
90013	0	0	9
90014	0	0	9
90015	0	0	9
90016	0	0	9
90017	0	0	9
90018	0	0	9
90019	0	0	9
90020	0	0	9
90021	0	0	9
90022	0	0	9
90023	0	0	9
90024	0	0	9
90025	0	0	9
90026	0	0	9
90027	0	0	9
90028	0	0	9
90029	0	0	9
90031	0	0	9
90032	0	0	9
90033	0	0	9
90034	0	0	9
90035	0	0	9
90036	0	0	9
90037	0	0	9
90038	0	0	9
90039	0	0	9
90040	0	0	9
90041	0	0	9
90042	0	0	9
90043	0	0	9
90046	0	0	9
90048	0	0	9
90049	0	0	9
90050	0	0	9
90051	0	0	9
90052	0	0	9
90053	0	0	9
90054	0	0	9
90055	0	0	9
90056	0	0	9
90057	0	0	9
90058	0	0	9
90059	0	0	9
90060	0	0	9
90061	0	0	9
90062	0	0	9
90063	0	0	9
90064	0	0	9
90065	0	0	9
90066	0	0	9
90067	0	0	9
90068	0	0	9
90069	0	0	9
90070	0	0	9
90071	0	0	9
90073	0	0	9
90074	0	0	9
90075	0	0	9
90076	0	0	9
90077	0	0	9
90078	0	0	9
90079	0	0	9
90080	0	0	9
90081	0	0	9
90082	0	0	9
90083	0	0	9
90084	0	0	9
90085	0	0	9
90086	0	0	9
90087	0	0	9
90088	0	0	9
90089	0	0	9
90090	0	0	9
90091	0	0	9
90092	0	0	9
90093	0	0	9
90094	0	0	9
90095	0	0	9
90096	0	0	9
90097	0	0	9
90098	0	0	9
90099	0	0	9
90100	0	0	9
90101	0	0	9
90102	0	0	9
90104	0	0	9
90105	0	0	9
90106	0	0	9
90107	0	0	9
90108	0	0	9
90109	0	0	9
90110	0	0	9
90111	0	0	9
